      * /home/sumanto/desktop/verilog/esim/microcomputer/microcomputer.cir
      Transient Analysis  Mon Nov 22 20:49:14  2021
--------------------------------------------------------------------------------
Index   time            alli            
--------------------------------------------------------------------------------
0	0.000000e+00	0.000000e+00	
1	2.000000e-12	0.000000e+00	
2	4.000000e-12	0.000000e+00	
3	8.000000e-12	0.000000e+00	
4	1.600000e-11	0.000000e+00	
5	3.200000e-11	0.000000e+00	
6	6.400000e-11	0.000000e+00	
7	1.280000e-10	0.000000e+00	
8	2.000000e-10	0.000000e+00	
9	2.128000e-10	0.000000e+00	
10	2.384000e-10	0.000000e+00	
11	2.896000e-10	0.000000e+00	
12	3.920000e-10	0.000000e+00	
13	5.968000e-10	0.000000e+00	
14	1.006400e-09	0.000000e+00	
15	1.825600e-09	0.000000e+00	
16	3.464000e-09	0.000000e+00	
17	6.740800e-09	0.000000e+00	
18	1.329440e-08	0.000000e+00	
19	2.640160e-08	0.000000e+00	
20	5.261600e-08	0.000000e+00	
21	1.050448e-07	0.000000e+00	
22	2.099024e-07	0.000000e+00	
23	4.196176e-07	0.000000e+00	
24	8.390480e-07	0.000000e+00	
25	1.677909e-06	0.000000e+00	
26	3.355630e-06	0.000000e+00	
27	6.711074e-06	0.000000e+00	
28	1.342196e-05	0.000000e+00	
29	2.684373e-05	0.000000e+00	
30	5.368728e-05	0.000000e+00	
31	1.073744e-04	0.000000e+00	
32	2.073744e-04	0.000000e+00	
33	3.073744e-04	0.000000e+00	
34	4.073744e-04	0.000000e+00	
35	5.073744e-04	0.000000e+00	
36	6.073744e-04	0.000000e+00	
37	7.073744e-04	0.000000e+00	
38	8.073744e-04	0.000000e+00	
39	9.073744e-04	0.000000e+00	
40	1.000000e-03	0.000000e+00	
41	1.000000e-03	0.000000e+00	
42	1.000000e-03	0.000000e+00	
43	1.000000e-03	0.000000e+00	
44	1.000000e-03	0.000000e+00	
45	1.000000e-03	0.000000e+00	
46	1.000000e-03	0.000000e+00	
47	1.000000e-03	0.000000e+00	
48	1.000000e-03	0.000000e+00	
49	1.000001e-03	0.000000e+00	
50	1.000001e-03	0.000000e+00	
51	1.000001e-03	0.000000e+00	
52	1.000002e-03	0.000000e+00	
53	1.000004e-03	0.000000e+00	
54	1.000008e-03	0.000000e+00	

Index   time            alli            
--------------------------------------------------------------------------------
55	1.000017e-03	0.000000e+00	
56	1.000033e-03	0.000000e+00	
57	1.000066e-03	0.000000e+00	
58	1.000131e-03	0.000000e+00	
59	1.000262e-03	0.000000e+00	
60	1.000525e-03	0.000000e+00	
61	1.001049e-03	0.000000e+00	
62	1.002097e-03	0.000000e+00	
63	1.004195e-03	0.000000e+00	
64	1.008389e-03	0.000000e+00	
65	1.016778e-03	0.000000e+00	
66	1.033555e-03	0.000000e+00	
67	1.067109e-03	0.000000e+00	
68	1.134218e-03	0.000000e+00	
69	1.234218e-03	0.000000e+00	
70	1.334218e-03	0.000000e+00	
71	1.434218e-03	0.000000e+00	
72	1.534218e-03	0.000000e+00	
73	1.634218e-03	0.000000e+00	
74	1.734218e-03	0.000000e+00	
75	1.834218e-03	0.000000e+00	
76	1.934218e-03	0.000000e+00	
77	2.000000e-03	0.000000e+00	
78	2.000000e-03	0.000000e+00	
79	2.000000e-03	0.000000e+00	
80	2.000000e-03	0.000000e+00	
81	2.000000e-03	0.000000e+00	
82	2.000000e-03	0.000000e+00	
83	2.000000e-03	0.000000e+00	
84	2.000000e-03	0.000000e+00	
85	2.000000e-03	0.000000e+00	
86	2.000000e-03	0.000000e+00	
87	2.000001e-03	0.000000e+00	
88	2.000001e-03	0.000000e+00	
89	2.000002e-03	0.000000e+00	
90	2.000004e-03	0.000000e+00	
91	2.000008e-03	0.000000e+00	
92	2.000017e-03	0.000000e+00	
93	2.000033e-03	0.000000e+00	
94	2.000066e-03	0.000000e+00	
95	2.000131e-03	0.000000e+00	
96	2.000262e-03	0.000000e+00	
97	2.000524e-03	0.000000e+00	
98	2.001049e-03	0.000000e+00	
99	2.002097e-03	0.000000e+00	
100	2.004194e-03	0.000000e+00	
101	2.008389e-03	0.000000e+00	
102	2.016777e-03	0.000000e+00	
103	2.033555e-03	0.000000e+00	
104	2.067109e-03	0.000000e+00	
105	2.134218e-03	0.000000e+00	
106	2.234218e-03	0.000000e+00	
107	2.334218e-03	0.000000e+00	
108	2.434218e-03	0.000000e+00	
109	2.534218e-03	0.000000e+00	
110	2.634218e-03	0.000000e+00	
111	2.734218e-03	0.000000e+00	
112	2.834218e-03	0.000000e+00	

Index   time            alli            
--------------------------------------------------------------------------------
113	2.934218e-03	0.000000e+00	
114	3.000000e-03	0.000000e+00	
115	3.000000e-03	0.000000e+00	
116	3.000000e-03	0.000000e+00	
117	3.000000e-03	0.000000e+00	
118	3.000000e-03	0.000000e+00	
119	3.000000e-03	0.000000e+00	
120	3.000000e-03	0.000000e+00	
121	3.000000e-03	0.000000e+00	
122	3.000000e-03	0.000000e+00	
123	3.000001e-03	0.000000e+00	
124	3.000001e-03	0.000000e+00	
125	3.000001e-03	0.000000e+00	
126	3.000002e-03	0.000000e+00	
127	3.000004e-03	0.000000e+00	
128	3.000008e-03	0.000000e+00	
129	3.000017e-03	0.000000e+00	
130	3.000033e-03	0.000000e+00	
131	3.000066e-03	0.000000e+00	
132	3.000131e-03	0.000000e+00	
133	3.000262e-03	0.000000e+00	
134	3.000525e-03	0.000000e+00	
135	3.001049e-03	0.000000e+00	
136	3.002097e-03	0.000000e+00	
137	3.004195e-03	0.000000e+00	
138	3.008389e-03	0.000000e+00	
139	3.016778e-03	0.000000e+00	
140	3.033555e-03	0.000000e+00	
141	3.067109e-03	0.000000e+00	
142	3.134218e-03	0.000000e+00	
143	3.234218e-03	0.000000e+00	
144	3.334218e-03	0.000000e+00	
145	3.434218e-03	0.000000e+00	
146	3.534218e-03	0.000000e+00	
147	3.634218e-03	0.000000e+00	
148	3.734218e-03	0.000000e+00	
149	3.834218e-03	0.000000e+00	
150	3.934218e-03	0.000000e+00	
151	4.000000e-03	0.000000e+00	
152	4.000000e-03	0.000000e+00	
153	4.000000e-03	0.000000e+00	
154	4.000000e-03	0.000000e+00	
155	4.000000e-03	0.000000e+00	
156	4.000000e-03	0.000000e+00	
157	4.000000e-03	0.000000e+00	
158	4.000000e-03	0.000000e+00	
159	4.000000e-03	0.000000e+00	
160	4.000000e-03	0.000000e+00	
161	4.000001e-03	0.000000e+00	
162	4.000001e-03	0.000000e+00	
163	4.000002e-03	0.000000e+00	
164	4.000004e-03	0.000000e+00	
165	4.000008e-03	0.000000e+00	
166	4.000017e-03	0.000000e+00	
167	4.000033e-03	0.000000e+00	
168	4.000066e-03	0.000000e+00	
169	4.000131e-03	0.000000e+00	
170	4.000262e-03	0.000000e+00	

Index   time            alli            
--------------------------------------------------------------------------------
171	4.000524e-03	0.000000e+00	
172	4.001049e-03	0.000000e+00	
173	4.002097e-03	0.000000e+00	
174	4.004194e-03	0.000000e+00	
175	4.008389e-03	0.000000e+00	
176	4.016777e-03	0.000000e+00	
177	4.033555e-03	0.000000e+00	
178	4.067109e-03	0.000000e+00	
179	4.134218e-03	0.000000e+00	
180	4.234218e-03	0.000000e+00	
181	4.334218e-03	0.000000e+00	
182	4.434218e-03	0.000000e+00	
183	4.534218e-03	0.000000e+00	
184	4.634218e-03	0.000000e+00	
185	4.734218e-03	0.000000e+00	
186	4.834218e-03	0.000000e+00	
187	4.934218e-03	0.000000e+00	
188	5.034218e-03	0.000000e+00	
189	5.134218e-03	0.000000e+00	
190	5.234218e-03	0.000000e+00	
191	5.334218e-03	0.000000e+00	
192	5.434218e-03	0.000000e+00	
193	5.534218e-03	0.000000e+00	
194	5.634218e-03	0.000000e+00	
195	5.734218e-03	0.000000e+00	
196	5.834218e-03	0.000000e+00	
197	5.934218e-03	0.000000e+00	
198	6.034218e-03	0.000000e+00	
199	6.134218e-03	0.000000e+00	
200	6.234218e-03	0.000000e+00	
201	6.334218e-03	0.000000e+00	
202	6.434218e-03	0.000000e+00	
203	6.534218e-03	0.000000e+00	
204	6.634218e-03	0.000000e+00	
205	6.734218e-03	0.000000e+00	
206	6.834218e-03	0.000000e+00	
207	6.934218e-03	0.000000e+00	
208	7.034218e-03	0.000000e+00	
209	7.134218e-03	0.000000e+00	
210	7.234218e-03	0.000000e+00	
211	7.334218e-03	0.000000e+00	
212	7.434218e-03	0.000000e+00	
213	7.534218e-03	0.000000e+00	
214	7.634218e-03	0.000000e+00	
215	7.734218e-03	0.000000e+00	
216	7.834218e-03	0.000000e+00	
217	7.934218e-03	0.000000e+00	
218	8.034218e-03	0.000000e+00	
219	8.134218e-03	0.000000e+00	
220	8.234218e-03	0.000000e+00	
221	8.334218e-03	0.000000e+00	
222	8.434218e-03	0.000000e+00	
223	8.534218e-03	0.000000e+00	
224	8.634218e-03	0.000000e+00	
225	8.734218e-03	0.000000e+00	
226	8.834218e-03	0.000000e+00	
227	8.934218e-03	0.000000e+00	
228	9.034218e-03	0.000000e+00	

Index   time            alli            
--------------------------------------------------------------------------------
229	9.134218e-03	0.000000e+00	
230	9.234218e-03	0.000000e+00	
231	9.334218e-03	0.000000e+00	
232	9.434218e-03	0.000000e+00	
233	9.534218e-03	0.000000e+00	
234	9.634218e-03	0.000000e+00	
235	9.734218e-03	0.000000e+00	
236	9.834218e-03	0.000000e+00	
237	9.934218e-03	0.000000e+00	
238	1.003422e-02	0.000000e+00	
239	1.013422e-02	0.000000e+00	
240	1.023422e-02	0.000000e+00	
241	1.033422e-02	0.000000e+00	
242	1.043422e-02	0.000000e+00	
243	1.053422e-02	0.000000e+00	
244	1.063422e-02	0.000000e+00	
245	1.073422e-02	0.000000e+00	
246	1.083422e-02	0.000000e+00	
247	1.093422e-02	0.000000e+00	
248	1.103422e-02	0.000000e+00	
249	1.113422e-02	0.000000e+00	
250	1.123422e-02	0.000000e+00	
251	1.133422e-02	0.000000e+00	
252	1.143422e-02	0.000000e+00	
253	1.153422e-02	0.000000e+00	
254	1.163422e-02	0.000000e+00	
255	1.173422e-02	0.000000e+00	
256	1.183422e-02	0.000000e+00	
257	1.193422e-02	0.000000e+00	
258	1.203422e-02	0.000000e+00	
259	1.213422e-02	0.000000e+00	
260	1.223422e-02	0.000000e+00	
261	1.233422e-02	0.000000e+00	
262	1.243422e-02	0.000000e+00	
263	1.253422e-02	0.000000e+00	
264	1.263422e-02	0.000000e+00	
265	1.273422e-02	0.000000e+00	
266	1.283422e-02	0.000000e+00	
267	1.293422e-02	0.000000e+00	
268	1.303422e-02	0.000000e+00	
269	1.313422e-02	0.000000e+00	
270	1.323422e-02	0.000000e+00	
271	1.333422e-02	0.000000e+00	
272	1.343422e-02	0.000000e+00	
273	1.353422e-02	0.000000e+00	
274	1.363422e-02	0.000000e+00	
275	1.373422e-02	0.000000e+00	
276	1.383422e-02	0.000000e+00	
277	1.393422e-02	0.000000e+00	
278	1.403422e-02	0.000000e+00	
279	1.413422e-02	0.000000e+00	
280	1.423422e-02	0.000000e+00	
281	1.433422e-02	0.000000e+00	
282	1.443422e-02	0.000000e+00	
283	1.453422e-02	0.000000e+00	
284	1.463422e-02	0.000000e+00	
285	1.473422e-02	0.000000e+00	
286	1.483422e-02	0.000000e+00	

Index   time            alli            
--------------------------------------------------------------------------------
287	1.493422e-02	0.000000e+00	
288	1.503422e-02	0.000000e+00	
289	1.513422e-02	0.000000e+00	
290	1.523422e-02	0.000000e+00	
291	1.533422e-02	0.000000e+00	
292	1.543422e-02	0.000000e+00	
293	1.553422e-02	0.000000e+00	
294	1.563422e-02	0.000000e+00	
295	1.573422e-02	0.000000e+00	
296	1.583422e-02	0.000000e+00	
297	1.593422e-02	0.000000e+00	
298	1.603422e-02	0.000000e+00	
299	1.613422e-02	0.000000e+00	
300	1.623422e-02	0.000000e+00	
301	1.633422e-02	0.000000e+00	
302	1.643422e-02	0.000000e+00	
303	1.653422e-02	0.000000e+00	
304	1.663422e-02	0.000000e+00	
305	1.673422e-02	0.000000e+00	
306	1.683422e-02	0.000000e+00	
307	1.693422e-02	0.000000e+00	
308	1.703422e-02	0.000000e+00	
309	1.713422e-02	0.000000e+00	
310	1.723422e-02	0.000000e+00	
311	1.733422e-02	0.000000e+00	
312	1.743422e-02	0.000000e+00	
313	1.753422e-02	0.000000e+00	
314	1.763422e-02	0.000000e+00	
315	1.773422e-02	0.000000e+00	
316	1.783422e-02	0.000000e+00	
317	1.793422e-02	0.000000e+00	
318	1.803422e-02	0.000000e+00	
319	1.813422e-02	0.000000e+00	
320	1.823422e-02	0.000000e+00	
321	1.833422e-02	0.000000e+00	
322	1.843422e-02	0.000000e+00	
323	1.853422e-02	0.000000e+00	
324	1.863422e-02	0.000000e+00	
325	1.873422e-02	0.000000e+00	
326	1.883422e-02	0.000000e+00	
327	1.893422e-02	0.000000e+00	
328	1.903422e-02	0.000000e+00	
329	1.913422e-02	0.000000e+00	
330	1.923422e-02	0.000000e+00	
331	1.933422e-02	0.000000e+00	
332	1.943422e-02	0.000000e+00	
333	1.953422e-02	0.000000e+00	
334	1.963422e-02	0.000000e+00	
335	1.973422e-02	0.000000e+00	
336	1.983422e-02	0.000000e+00	
337	1.993422e-02	0.000000e+00	
338	2.003422e-02	0.000000e+00	
339	2.013422e-02	0.000000e+00	
340	2.023422e-02	0.000000e+00	
341	2.033422e-02	0.000000e+00	
342	2.043422e-02	0.000000e+00	
343	2.053422e-02	0.000000e+00	
344	2.063422e-02	0.000000e+00	

Index   time            alli            
--------------------------------------------------------------------------------
345	2.073422e-02	0.000000e+00	
346	2.083422e-02	0.000000e+00	
347	2.093422e-02	0.000000e+00	
348	2.103422e-02	0.000000e+00	
349	2.113422e-02	0.000000e+00	
350	2.123422e-02	0.000000e+00	
351	2.133422e-02	0.000000e+00	
352	2.143422e-02	0.000000e+00	
353	2.153422e-02	0.000000e+00	
354	2.163422e-02	0.000000e+00	
355	2.173422e-02	0.000000e+00	
356	2.183422e-02	0.000000e+00	
357	2.193422e-02	0.000000e+00	
358	2.203422e-02	0.000000e+00	
359	2.213422e-02	0.000000e+00	
360	2.223422e-02	0.000000e+00	
361	2.233422e-02	0.000000e+00	
362	2.243422e-02	0.000000e+00	
363	2.253422e-02	0.000000e+00	
364	2.263422e-02	0.000000e+00	
365	2.273422e-02	0.000000e+00	
366	2.283422e-02	0.000000e+00	
367	2.293422e-02	0.000000e+00	
368	2.303422e-02	0.000000e+00	
369	2.313422e-02	0.000000e+00	
370	2.323422e-02	0.000000e+00	
371	2.333422e-02	0.000000e+00	
372	2.343422e-02	0.000000e+00	
373	2.353422e-02	0.000000e+00	
374	2.363422e-02	0.000000e+00	
375	2.373422e-02	0.000000e+00	
376	2.383422e-02	0.000000e+00	
377	2.393422e-02	0.000000e+00	
378	2.403422e-02	0.000000e+00	
379	2.413422e-02	0.000000e+00	
380	2.423422e-02	0.000000e+00	
381	2.433422e-02	0.000000e+00	
382	2.443422e-02	0.000000e+00	
383	2.453422e-02	0.000000e+00	
384	2.463422e-02	0.000000e+00	
385	2.473422e-02	0.000000e+00	
386	2.483422e-02	0.000000e+00	
387	2.493422e-02	0.000000e+00	
388	2.503422e-02	0.000000e+00	
389	2.513422e-02	0.000000e+00	
390	2.523422e-02	0.000000e+00	
391	2.533422e-02	0.000000e+00	
392	2.543422e-02	0.000000e+00	
393	2.553422e-02	0.000000e+00	
394	2.563422e-02	0.000000e+00	
395	2.573422e-02	0.000000e+00	
396	2.583422e-02	0.000000e+00	
397	2.593422e-02	0.000000e+00	
398	2.603422e-02	0.000000e+00	
399	2.613422e-02	0.000000e+00	
400	2.623422e-02	0.000000e+00	
401	2.633422e-02	0.000000e+00	
402	2.643422e-02	0.000000e+00	

Index   time            alli            
--------------------------------------------------------------------------------
403	2.653422e-02	0.000000e+00	
404	2.663422e-02	0.000000e+00	
405	2.673422e-02	0.000000e+00	
406	2.683422e-02	0.000000e+00	
407	2.693422e-02	0.000000e+00	
408	2.703422e-02	0.000000e+00	
409	2.713422e-02	0.000000e+00	
410	2.723422e-02	0.000000e+00	
411	2.733422e-02	0.000000e+00	
412	2.743422e-02	0.000000e+00	
413	2.753422e-02	0.000000e+00	
414	2.763422e-02	0.000000e+00	
415	2.773422e-02	0.000000e+00	
416	2.783422e-02	0.000000e+00	
417	2.793422e-02	0.000000e+00	
418	2.803422e-02	0.000000e+00	
419	2.813422e-02	0.000000e+00	
420	2.823422e-02	0.000000e+00	
421	2.833422e-02	0.000000e+00	
422	2.843422e-02	0.000000e+00	
423	2.853422e-02	0.000000e+00	
424	2.863422e-02	0.000000e+00	
425	2.873422e-02	0.000000e+00	
426	2.883422e-02	0.000000e+00	
427	2.893422e-02	0.000000e+00	
428	2.903422e-02	0.000000e+00	
429	2.913422e-02	0.000000e+00	
430	2.923422e-02	0.000000e+00	
431	2.933422e-02	0.000000e+00	
432	2.943422e-02	0.000000e+00	
433	2.953422e-02	0.000000e+00	
434	2.963422e-02	0.000000e+00	
435	2.973422e-02	0.000000e+00	
436	2.983422e-02	0.000000e+00	
437	2.993422e-02	0.000000e+00	
438	3.003422e-02	0.000000e+00	
439	3.013422e-02	0.000000e+00	
440	3.023422e-02	0.000000e+00	
441	3.033422e-02	0.000000e+00	
442	3.043422e-02	0.000000e+00	
443	3.053422e-02	0.000000e+00	
444	3.063422e-02	0.000000e+00	
445	3.073422e-02	0.000000e+00	
446	3.083422e-02	0.000000e+00	
447	3.093422e-02	0.000000e+00	
448	3.103422e-02	0.000000e+00	
449	3.113422e-02	0.000000e+00	
450	3.123422e-02	0.000000e+00	
451	3.133422e-02	0.000000e+00	
452	3.143422e-02	0.000000e+00	
453	3.153422e-02	0.000000e+00	
454	3.163422e-02	0.000000e+00	
455	3.173422e-02	0.000000e+00	
456	3.183422e-02	0.000000e+00	
457	3.193422e-02	0.000000e+00	
458	3.203422e-02	0.000000e+00	
459	3.213422e-02	0.000000e+00	
460	3.223422e-02	0.000000e+00	

Index   time            alli            
--------------------------------------------------------------------------------
461	3.233422e-02	0.000000e+00	
462	3.243422e-02	0.000000e+00	
463	3.253422e-02	0.000000e+00	
464	3.263422e-02	0.000000e+00	
465	3.273422e-02	0.000000e+00	
466	3.283422e-02	0.000000e+00	
467	3.293422e-02	0.000000e+00	
468	3.303422e-02	0.000000e+00	
469	3.313422e-02	0.000000e+00	
470	3.323422e-02	0.000000e+00	
471	3.333422e-02	0.000000e+00	
472	3.343422e-02	0.000000e+00	
473	3.353422e-02	0.000000e+00	
474	3.363422e-02	0.000000e+00	
475	3.373422e-02	0.000000e+00	
476	3.383422e-02	0.000000e+00	
477	3.393422e-02	0.000000e+00	
478	3.403422e-02	0.000000e+00	
479	3.413422e-02	0.000000e+00	
480	3.423422e-02	0.000000e+00	
481	3.433422e-02	0.000000e+00	
482	3.443422e-02	0.000000e+00	
483	3.453422e-02	0.000000e+00	
484	3.463422e-02	0.000000e+00	
485	3.473422e-02	0.000000e+00	
486	3.483422e-02	0.000000e+00	
487	3.493422e-02	0.000000e+00	
488	3.503422e-02	0.000000e+00	
489	3.513422e-02	0.000000e+00	
490	3.523422e-02	0.000000e+00	
491	3.533422e-02	0.000000e+00	
492	3.543422e-02	0.000000e+00	
493	3.553422e-02	0.000000e+00	
494	3.563422e-02	0.000000e+00	
495	3.573422e-02	0.000000e+00	
496	3.583422e-02	0.000000e+00	
497	3.593422e-02	0.000000e+00	
498	3.603422e-02	0.000000e+00	
499	3.613422e-02	0.000000e+00	
500	3.623422e-02	0.000000e+00	
501	3.633422e-02	0.000000e+00	
502	3.643422e-02	0.000000e+00	
503	3.653422e-02	0.000000e+00	
504	3.663422e-02	0.000000e+00	
505	3.673422e-02	0.000000e+00	
506	3.683422e-02	0.000000e+00	
507	3.693422e-02	0.000000e+00	
508	3.703422e-02	0.000000e+00	
509	3.713422e-02	0.000000e+00	
510	3.723422e-02	0.000000e+00	
511	3.733422e-02	0.000000e+00	
512	3.743422e-02	0.000000e+00	
513	3.753422e-02	0.000000e+00	
514	3.763422e-02	0.000000e+00	
515	3.773422e-02	0.000000e+00	
516	3.783422e-02	0.000000e+00	
517	3.793422e-02	0.000000e+00	
518	3.803422e-02	0.000000e+00	

Index   time            alli            
--------------------------------------------------------------------------------
519	3.813422e-02	0.000000e+00	
520	3.823422e-02	0.000000e+00	
521	3.833422e-02	0.000000e+00	
522	3.843422e-02	0.000000e+00	
523	3.853422e-02	0.000000e+00	
524	3.863422e-02	0.000000e+00	
525	3.873422e-02	0.000000e+00	
526	3.883422e-02	0.000000e+00	
527	3.893422e-02	0.000000e+00	
528	3.903422e-02	0.000000e+00	
529	3.913422e-02	0.000000e+00	
530	3.923422e-02	0.000000e+00	
531	3.933422e-02	0.000000e+00	
532	3.943422e-02	0.000000e+00	
533	3.953422e-02	0.000000e+00	
534	3.963422e-02	0.000000e+00	
535	3.973422e-02	0.000000e+00	
536	3.983422e-02	0.000000e+00	
537	3.993422e-02	0.000000e+00	
538	4.003422e-02	0.000000e+00	
539	4.013422e-02	0.000000e+00	
540	4.023422e-02	0.000000e+00	
541	4.033422e-02	0.000000e+00	
542	4.043422e-02	0.000000e+00	
543	4.053422e-02	0.000000e+00	
544	4.063422e-02	0.000000e+00	
545	4.073422e-02	0.000000e+00	
546	4.083422e-02	0.000000e+00	
547	4.093422e-02	0.000000e+00	
548	4.103422e-02	0.000000e+00	
549	4.113422e-02	0.000000e+00	
550	4.123422e-02	0.000000e+00	
551	4.133422e-02	0.000000e+00	
552	4.143422e-02	0.000000e+00	
553	4.153422e-02	0.000000e+00	
554	4.163422e-02	0.000000e+00	
555	4.173422e-02	0.000000e+00	
556	4.183422e-02	0.000000e+00	
557	4.193422e-02	0.000000e+00	
558	4.203422e-02	0.000000e+00	
559	4.213422e-02	0.000000e+00	
560	4.223422e-02	0.000000e+00	
561	4.233422e-02	0.000000e+00	
562	4.243422e-02	0.000000e+00	
563	4.253422e-02	0.000000e+00	
564	4.263422e-02	0.000000e+00	
565	4.273422e-02	0.000000e+00	
566	4.283422e-02	0.000000e+00	
567	4.293422e-02	0.000000e+00	
568	4.303422e-02	0.000000e+00	
569	4.313422e-02	0.000000e+00	
570	4.323422e-02	0.000000e+00	
571	4.333422e-02	0.000000e+00	
572	4.343422e-02	0.000000e+00	
573	4.353422e-02	0.000000e+00	
574	4.363422e-02	0.000000e+00	
575	4.373422e-02	0.000000e+00	
576	4.383422e-02	0.000000e+00	

Index   time            alli            
--------------------------------------------------------------------------------
577	4.393422e-02	0.000000e+00	
578	4.403422e-02	0.000000e+00	
579	4.413422e-02	0.000000e+00	
580	4.423422e-02	0.000000e+00	
581	4.433422e-02	0.000000e+00	
582	4.443422e-02	0.000000e+00	
583	4.453422e-02	0.000000e+00	
584	4.463422e-02	0.000000e+00	
585	4.473422e-02	0.000000e+00	
586	4.483422e-02	0.000000e+00	
587	4.493422e-02	0.000000e+00	
588	4.503422e-02	0.000000e+00	
589	4.513422e-02	0.000000e+00	
590	4.523422e-02	0.000000e+00	
591	4.533422e-02	0.000000e+00	
592	4.543422e-02	0.000000e+00	
593	4.553422e-02	0.000000e+00	
594	4.563422e-02	0.000000e+00	
595	4.573422e-02	0.000000e+00	
596	4.583422e-02	0.000000e+00	
597	4.593422e-02	0.000000e+00	
598	4.603422e-02	0.000000e+00	
599	4.613422e-02	0.000000e+00	
600	4.623422e-02	0.000000e+00	
601	4.633422e-02	0.000000e+00	
602	4.643422e-02	0.000000e+00	
603	4.653422e-02	0.000000e+00	
604	4.663422e-02	0.000000e+00	
605	4.673422e-02	0.000000e+00	
606	4.683422e-02	0.000000e+00	
607	4.693422e-02	0.000000e+00	
608	4.703422e-02	0.000000e+00	
609	4.713422e-02	0.000000e+00	
610	4.723422e-02	0.000000e+00	
611	4.733422e-02	0.000000e+00	
612	4.743422e-02	0.000000e+00	
613	4.753422e-02	0.000000e+00	
614	4.763422e-02	0.000000e+00	
615	4.773422e-02	0.000000e+00	
616	4.783422e-02	0.000000e+00	
617	4.793422e-02	0.000000e+00	
618	4.803422e-02	0.000000e+00	
619	4.813422e-02	0.000000e+00	
620	4.823422e-02	0.000000e+00	
621	4.833422e-02	0.000000e+00	
622	4.843422e-02	0.000000e+00	
623	4.853422e-02	0.000000e+00	
624	4.863422e-02	0.000000e+00	
625	4.873422e-02	0.000000e+00	
626	4.883422e-02	0.000000e+00	
627	4.893422e-02	0.000000e+00	
628	4.903422e-02	0.000000e+00	
629	4.913422e-02	0.000000e+00	
630	4.923422e-02	0.000000e+00	
631	4.933422e-02	0.000000e+00	
632	4.943422e-02	0.000000e+00	
633	4.953422e-02	0.000000e+00	
634	4.963422e-02	0.000000e+00	

Index   time            alli            
--------------------------------------------------------------------------------
635	4.973422e-02	0.000000e+00	
636	4.983422e-02	0.000000e+00	
637	4.993422e-02	0.000000e+00	
638	5.003422e-02	0.000000e+00	
639	5.013422e-02	0.000000e+00	
640	5.023422e-02	0.000000e+00	
641	5.033422e-02	0.000000e+00	
642	5.043422e-02	0.000000e+00	
643	5.053422e-02	0.000000e+00	
644	5.063422e-02	0.000000e+00	
645	5.073422e-02	0.000000e+00	
646	5.083422e-02	0.000000e+00	
647	5.093422e-02	0.000000e+00	
648	5.103422e-02	0.000000e+00	
649	5.113422e-02	0.000000e+00	
650	5.123422e-02	0.000000e+00	
651	5.133422e-02	0.000000e+00	
652	5.143422e-02	0.000000e+00	
653	5.153422e-02	0.000000e+00	
654	5.163422e-02	0.000000e+00	
655	5.173422e-02	0.000000e+00	
656	5.183422e-02	0.000000e+00	
657	5.193422e-02	0.000000e+00	
658	5.203422e-02	0.000000e+00	
659	5.213422e-02	0.000000e+00	
660	5.223422e-02	0.000000e+00	
661	5.233422e-02	0.000000e+00	
662	5.243422e-02	0.000000e+00	
663	5.253422e-02	0.000000e+00	
664	5.263422e-02	0.000000e+00	
665	5.273422e-02	0.000000e+00	
666	5.283422e-02	0.000000e+00	
667	5.293422e-02	0.000000e+00	
668	5.303422e-02	0.000000e+00	
669	5.313422e-02	0.000000e+00	
670	5.323422e-02	0.000000e+00	
671	5.333422e-02	0.000000e+00	
672	5.343422e-02	0.000000e+00	
673	5.353422e-02	0.000000e+00	
674	5.363422e-02	0.000000e+00	
675	5.373422e-02	0.000000e+00	
676	5.383422e-02	0.000000e+00	
677	5.393422e-02	0.000000e+00	
678	5.403422e-02	0.000000e+00	
679	5.413422e-02	0.000000e+00	
680	5.423422e-02	0.000000e+00	
681	5.433422e-02	0.000000e+00	
682	5.443422e-02	0.000000e+00	
683	5.453422e-02	0.000000e+00	
684	5.463422e-02	0.000000e+00	
685	5.473422e-02	0.000000e+00	
686	5.483422e-02	0.000000e+00	
687	5.493422e-02	0.000000e+00	
688	5.503422e-02	0.000000e+00	
689	5.513422e-02	0.000000e+00	
690	5.523422e-02	0.000000e+00	
691	5.533422e-02	0.000000e+00	
692	5.543422e-02	0.000000e+00	

Index   time            alli            
--------------------------------------------------------------------------------
693	5.553422e-02	0.000000e+00	
694	5.563422e-02	0.000000e+00	
695	5.573422e-02	0.000000e+00	
696	5.583422e-02	0.000000e+00	
697	5.593422e-02	0.000000e+00	
698	5.603422e-02	0.000000e+00	
699	5.613422e-02	0.000000e+00	
700	5.623422e-02	0.000000e+00	
701	5.633422e-02	0.000000e+00	
702	5.643422e-02	0.000000e+00	
703	5.653422e-02	0.000000e+00	
704	5.663422e-02	0.000000e+00	
705	5.673422e-02	0.000000e+00	
706	5.683422e-02	0.000000e+00	
707	5.693422e-02	0.000000e+00	
708	5.703422e-02	0.000000e+00	
709	5.713422e-02	0.000000e+00	
710	5.723422e-02	0.000000e+00	
711	5.733422e-02	0.000000e+00	
712	5.743422e-02	0.000000e+00	
713	5.753422e-02	0.000000e+00	
714	5.763422e-02	0.000000e+00	
715	5.773422e-02	0.000000e+00	
716	5.783422e-02	0.000000e+00	
717	5.793422e-02	0.000000e+00	
718	5.803422e-02	0.000000e+00	
719	5.813422e-02	0.000000e+00	
720	5.823422e-02	0.000000e+00	
721	5.833422e-02	0.000000e+00	
722	5.843422e-02	0.000000e+00	
723	5.853422e-02	0.000000e+00	
724	5.863422e-02	0.000000e+00	
725	5.873422e-02	0.000000e+00	
726	5.883422e-02	0.000000e+00	
727	5.893422e-02	0.000000e+00	
728	5.903422e-02	0.000000e+00	
729	5.913422e-02	0.000000e+00	
730	5.923422e-02	0.000000e+00	
731	5.933422e-02	0.000000e+00	
732	5.943422e-02	0.000000e+00	
733	5.953422e-02	0.000000e+00	
734	5.963422e-02	0.000000e+00	
735	5.973422e-02	0.000000e+00	
736	5.983422e-02	0.000000e+00	
737	5.993422e-02	0.000000e+00	
738	6.003422e-02	0.000000e+00	
739	6.013422e-02	0.000000e+00	
740	6.023422e-02	0.000000e+00	
741	6.033422e-02	0.000000e+00	
742	6.043422e-02	0.000000e+00	
743	6.053422e-02	0.000000e+00	
744	6.063422e-02	0.000000e+00	
745	6.073422e-02	0.000000e+00	
746	6.083422e-02	0.000000e+00	
747	6.093422e-02	0.000000e+00	
748	6.103422e-02	0.000000e+00	
749	6.113422e-02	0.000000e+00	
750	6.123422e-02	0.000000e+00	

Index   time            alli            
--------------------------------------------------------------------------------
751	6.133422e-02	0.000000e+00	
752	6.143422e-02	0.000000e+00	
753	6.153422e-02	0.000000e+00	
754	6.163422e-02	0.000000e+00	
755	6.173422e-02	0.000000e+00	
756	6.183422e-02	0.000000e+00	
757	6.193422e-02	0.000000e+00	
758	6.203422e-02	0.000000e+00	
759	6.213422e-02	0.000000e+00	
760	6.223422e-02	0.000000e+00	
761	6.233422e-02	0.000000e+00	
762	6.243422e-02	0.000000e+00	
763	6.253422e-02	0.000000e+00	
764	6.263422e-02	0.000000e+00	
765	6.273422e-02	0.000000e+00	
766	6.283422e-02	0.000000e+00	
767	6.293422e-02	0.000000e+00	
768	6.303422e-02	0.000000e+00	
769	6.313422e-02	0.000000e+00	
770	6.323422e-02	0.000000e+00	
771	6.333422e-02	0.000000e+00	
772	6.343422e-02	0.000000e+00	
773	6.353422e-02	0.000000e+00	
774	6.363422e-02	0.000000e+00	
775	6.373422e-02	0.000000e+00	
776	6.383422e-02	0.000000e+00	
777	6.393422e-02	0.000000e+00	
778	6.403422e-02	0.000000e+00	
779	6.413422e-02	0.000000e+00	
780	6.423422e-02	0.000000e+00	
781	6.433422e-02	0.000000e+00	
782	6.443422e-02	0.000000e+00	
783	6.453422e-02	0.000000e+00	
784	6.463422e-02	0.000000e+00	
785	6.473422e-02	0.000000e+00	
786	6.483422e-02	0.000000e+00	
787	6.493422e-02	0.000000e+00	
788	6.503422e-02	0.000000e+00	
789	6.513422e-02	0.000000e+00	
790	6.523422e-02	0.000000e+00	
791	6.533422e-02	0.000000e+00	
792	6.543422e-02	0.000000e+00	
793	6.553422e-02	0.000000e+00	
794	6.563422e-02	0.000000e+00	
795	6.573422e-02	0.000000e+00	
796	6.583422e-02	0.000000e+00	
797	6.593422e-02	0.000000e+00	
798	6.603422e-02	0.000000e+00	
799	6.613422e-02	0.000000e+00	
800	6.623422e-02	0.000000e+00	
801	6.633422e-02	0.000000e+00	
802	6.643422e-02	0.000000e+00	
803	6.653422e-02	0.000000e+00	
804	6.663422e-02	0.000000e+00	
805	6.673422e-02	0.000000e+00	
806	6.683422e-02	0.000000e+00	
807	6.693422e-02	0.000000e+00	
808	6.703422e-02	0.000000e+00	

Index   time            alli            
--------------------------------------------------------------------------------
809	6.713422e-02	0.000000e+00	
810	6.723422e-02	0.000000e+00	
811	6.733422e-02	0.000000e+00	
812	6.743422e-02	0.000000e+00	
813	6.753422e-02	0.000000e+00	
814	6.763422e-02	0.000000e+00	
815	6.773422e-02	0.000000e+00	
816	6.783422e-02	0.000000e+00	
817	6.793422e-02	0.000000e+00	
818	6.803422e-02	0.000000e+00	
819	6.813422e-02	0.000000e+00	
820	6.823422e-02	0.000000e+00	
821	6.833422e-02	0.000000e+00	
822	6.843422e-02	0.000000e+00	
823	6.853422e-02	0.000000e+00	
824	6.863422e-02	0.000000e+00	
825	6.873422e-02	0.000000e+00	
826	6.883422e-02	0.000000e+00	
827	6.893422e-02	0.000000e+00	
828	6.903422e-02	0.000000e+00	
829	6.913422e-02	0.000000e+00	
830	6.923422e-02	0.000000e+00	
831	6.933422e-02	0.000000e+00	
832	6.943422e-02	0.000000e+00	
833	6.953422e-02	0.000000e+00	
834	6.963422e-02	0.000000e+00	
835	6.973422e-02	0.000000e+00	
836	6.983422e-02	0.000000e+00	
837	6.993422e-02	0.000000e+00	
838	7.003422e-02	0.000000e+00	
839	7.013422e-02	0.000000e+00	
840	7.023422e-02	0.000000e+00	
841	7.033422e-02	0.000000e+00	
842	7.043422e-02	0.000000e+00	
843	7.053422e-02	0.000000e+00	
844	7.063422e-02	0.000000e+00	
845	7.073422e-02	0.000000e+00	
846	7.083422e-02	0.000000e+00	
847	7.093422e-02	0.000000e+00	
848	7.103422e-02	0.000000e+00	
849	7.113422e-02	0.000000e+00	
850	7.123422e-02	0.000000e+00	
851	7.133422e-02	0.000000e+00	
852	7.143422e-02	0.000000e+00	
853	7.153422e-02	0.000000e+00	
854	7.163422e-02	0.000000e+00	
855	7.173422e-02	0.000000e+00	
856	7.183422e-02	0.000000e+00	
857	7.193422e-02	0.000000e+00	
858	7.203422e-02	0.000000e+00	
859	7.213422e-02	0.000000e+00	
860	7.223422e-02	0.000000e+00	
861	7.233422e-02	0.000000e+00	
862	7.243422e-02	0.000000e+00	
863	7.253422e-02	0.000000e+00	
864	7.263422e-02	0.000000e+00	
865	7.273422e-02	0.000000e+00	
866	7.283422e-02	0.000000e+00	

Index   time            alli            
--------------------------------------------------------------------------------
867	7.293422e-02	0.000000e+00	
868	7.303422e-02	0.000000e+00	
869	7.313422e-02	0.000000e+00	
870	7.323422e-02	0.000000e+00	
871	7.333422e-02	0.000000e+00	
872	7.343422e-02	0.000000e+00	
873	7.353422e-02	0.000000e+00	
874	7.363422e-02	0.000000e+00	
875	7.373422e-02	0.000000e+00	
876	7.383422e-02	0.000000e+00	
877	7.393422e-02	0.000000e+00	
878	7.403422e-02	0.000000e+00	
879	7.413422e-02	0.000000e+00	
880	7.423422e-02	0.000000e+00	
881	7.433422e-02	0.000000e+00	
882	7.443422e-02	0.000000e+00	
883	7.453422e-02	0.000000e+00	
884	7.463422e-02	0.000000e+00	
885	7.473422e-02	0.000000e+00	
886	7.483422e-02	0.000000e+00	
887	7.493422e-02	0.000000e+00	
888	7.503422e-02	0.000000e+00	
889	7.513422e-02	0.000000e+00	
890	7.523422e-02	0.000000e+00	
891	7.533422e-02	0.000000e+00	
892	7.543422e-02	0.000000e+00	
893	7.553422e-02	0.000000e+00	
894	7.563422e-02	0.000000e+00	
895	7.573422e-02	0.000000e+00	
896	7.583422e-02	0.000000e+00	
897	7.593422e-02	0.000000e+00	
898	7.603422e-02	0.000000e+00	
899	7.613422e-02	0.000000e+00	
900	7.623422e-02	0.000000e+00	
901	7.633422e-02	0.000000e+00	
902	7.643422e-02	0.000000e+00	
903	7.653422e-02	0.000000e+00	
904	7.663422e-02	0.000000e+00	
905	7.673422e-02	0.000000e+00	
906	7.683422e-02	0.000000e+00	
907	7.693422e-02	0.000000e+00	
908	7.703422e-02	0.000000e+00	
909	7.713422e-02	0.000000e+00	
910	7.723422e-02	0.000000e+00	
911	7.733422e-02	0.000000e+00	
912	7.743422e-02	0.000000e+00	
913	7.753422e-02	0.000000e+00	
914	7.763422e-02	0.000000e+00	
915	7.773422e-02	0.000000e+00	
916	7.783422e-02	0.000000e+00	
917	7.793422e-02	0.000000e+00	
918	7.803422e-02	0.000000e+00	
919	7.813422e-02	0.000000e+00	
920	7.823422e-02	0.000000e+00	
921	7.833422e-02	0.000000e+00	
922	7.843422e-02	0.000000e+00	
923	7.853422e-02	0.000000e+00	
924	7.863422e-02	0.000000e+00	

Index   time            alli            
--------------------------------------------------------------------------------
925	7.873422e-02	0.000000e+00	
926	7.883422e-02	0.000000e+00	
927	7.893422e-02	0.000000e+00	
928	7.903422e-02	0.000000e+00	
929	7.913422e-02	0.000000e+00	
930	7.923422e-02	0.000000e+00	
931	7.933422e-02	0.000000e+00	
932	7.943422e-02	0.000000e+00	
933	7.953422e-02	0.000000e+00	
934	7.963422e-02	0.000000e+00	
935	7.973422e-02	0.000000e+00	
936	7.983422e-02	0.000000e+00	
937	7.993422e-02	0.000000e+00	
938	8.003422e-02	0.000000e+00	
939	8.013422e-02	0.000000e+00	
940	8.023422e-02	0.000000e+00	
941	8.033422e-02	0.000000e+00	
942	8.043422e-02	0.000000e+00	
943	8.053422e-02	0.000000e+00	
944	8.063422e-02	0.000000e+00	
945	8.073422e-02	0.000000e+00	
946	8.083422e-02	0.000000e+00	
947	8.093422e-02	0.000000e+00	
948	8.103422e-02	0.000000e+00	
949	8.113422e-02	0.000000e+00	
950	8.123422e-02	0.000000e+00	
951	8.133422e-02	0.000000e+00	
952	8.143422e-02	0.000000e+00	
953	8.153422e-02	0.000000e+00	
954	8.163422e-02	0.000000e+00	
955	8.173422e-02	0.000000e+00	
956	8.183422e-02	0.000000e+00	
957	8.193422e-02	0.000000e+00	
958	8.203422e-02	0.000000e+00	
959	8.213422e-02	0.000000e+00	
960	8.223422e-02	0.000000e+00	
961	8.233422e-02	0.000000e+00	
962	8.243422e-02	0.000000e+00	
963	8.253422e-02	0.000000e+00	
964	8.263422e-02	0.000000e+00	
965	8.273422e-02	0.000000e+00	
966	8.283422e-02	0.000000e+00	
967	8.293422e-02	0.000000e+00	
968	8.303422e-02	0.000000e+00	
969	8.313422e-02	0.000000e+00	
970	8.323422e-02	0.000000e+00	
971	8.333422e-02	0.000000e+00	
972	8.343422e-02	0.000000e+00	
973	8.353422e-02	0.000000e+00	
974	8.363422e-02	0.000000e+00	
975	8.373422e-02	0.000000e+00	
976	8.383422e-02	0.000000e+00	
977	8.393422e-02	0.000000e+00	
978	8.403422e-02	0.000000e+00	
979	8.413422e-02	0.000000e+00	
980	8.423422e-02	0.000000e+00	
981	8.433422e-02	0.000000e+00	
982	8.443422e-02	0.000000e+00	

Index   time            alli            
--------------------------------------------------------------------------------
983	8.453422e-02	0.000000e+00	
984	8.463422e-02	0.000000e+00	
985	8.473422e-02	0.000000e+00	
986	8.483422e-02	0.000000e+00	
987	8.493422e-02	0.000000e+00	
988	8.503422e-02	0.000000e+00	
989	8.513422e-02	0.000000e+00	
990	8.523422e-02	0.000000e+00	
991	8.533422e-02	0.000000e+00	
992	8.543422e-02	0.000000e+00	
993	8.553422e-02	0.000000e+00	
994	8.563422e-02	0.000000e+00	
995	8.573422e-02	0.000000e+00	
996	8.583422e-02	0.000000e+00	
997	8.593422e-02	0.000000e+00	
998	8.603422e-02	0.000000e+00	
999	8.613422e-02	0.000000e+00	
1000	8.623422e-02	0.000000e+00	
1001	8.633422e-02	0.000000e+00	
1002	8.643422e-02	0.000000e+00	
1003	8.653422e-02	0.000000e+00	
1004	8.663422e-02	0.000000e+00	
1005	8.673422e-02	0.000000e+00	
1006	8.683422e-02	0.000000e+00	
1007	8.693422e-02	0.000000e+00	
1008	8.703422e-02	0.000000e+00	
1009	8.713422e-02	0.000000e+00	
1010	8.723422e-02	0.000000e+00	
1011	8.733422e-02	0.000000e+00	
1012	8.743422e-02	0.000000e+00	
1013	8.753422e-02	0.000000e+00	
1014	8.763422e-02	0.000000e+00	
1015	8.773422e-02	0.000000e+00	
1016	8.783422e-02	0.000000e+00	
1017	8.793422e-02	0.000000e+00	
1018	8.803422e-02	0.000000e+00	
1019	8.813422e-02	0.000000e+00	
1020	8.823422e-02	0.000000e+00	
1021	8.833422e-02	0.000000e+00	
1022	8.843422e-02	0.000000e+00	
1023	8.853422e-02	0.000000e+00	
1024	8.863422e-02	0.000000e+00	
1025	8.873422e-02	0.000000e+00	
1026	8.883422e-02	0.000000e+00	
1027	8.893422e-02	0.000000e+00	
1028	8.903422e-02	0.000000e+00	
1029	8.913422e-02	0.000000e+00	
1030	8.923422e-02	0.000000e+00	
1031	8.933422e-02	0.000000e+00	
1032	8.943422e-02	0.000000e+00	
1033	8.953422e-02	0.000000e+00	
1034	8.963422e-02	0.000000e+00	
1035	8.973422e-02	0.000000e+00	
1036	8.983422e-02	0.000000e+00	
1037	8.993422e-02	0.000000e+00	
1038	9.003422e-02	0.000000e+00	
1039	9.013422e-02	0.000000e+00	
1040	9.023422e-02	0.000000e+00	

Index   time            alli            
--------------------------------------------------------------------------------
1041	9.033422e-02	0.000000e+00	
1042	9.043422e-02	0.000000e+00	
1043	9.053422e-02	0.000000e+00	
1044	9.063422e-02	0.000000e+00	
1045	9.073422e-02	0.000000e+00	
1046	9.083422e-02	0.000000e+00	
1047	9.093422e-02	0.000000e+00	
1048	9.103422e-02	0.000000e+00	
1049	9.113422e-02	0.000000e+00	
1050	9.123422e-02	0.000000e+00	
1051	9.133422e-02	0.000000e+00	
1052	9.143422e-02	0.000000e+00	
1053	9.153422e-02	0.000000e+00	
1054	9.163422e-02	0.000000e+00	
1055	9.173422e-02	0.000000e+00	
1056	9.183422e-02	0.000000e+00	
1057	9.193422e-02	0.000000e+00	
1058	9.203422e-02	0.000000e+00	
1059	9.213422e-02	0.000000e+00	
1060	9.223422e-02	0.000000e+00	
1061	9.233422e-02	0.000000e+00	
1062	9.243422e-02	0.000000e+00	
1063	9.253422e-02	0.000000e+00	
1064	9.263422e-02	0.000000e+00	
1065	9.273422e-02	0.000000e+00	
1066	9.283422e-02	0.000000e+00	
1067	9.293422e-02	0.000000e+00	
1068	9.303422e-02	0.000000e+00	
1069	9.313422e-02	0.000000e+00	
1070	9.323422e-02	0.000000e+00	
1071	9.333422e-02	0.000000e+00	
1072	9.343422e-02	0.000000e+00	
1073	9.353422e-02	0.000000e+00	
1074	9.363422e-02	0.000000e+00	
1075	9.373422e-02	0.000000e+00	
1076	9.383422e-02	0.000000e+00	
1077	9.393422e-02	0.000000e+00	
1078	9.403422e-02	0.000000e+00	
1079	9.413422e-02	0.000000e+00	
1080	9.423422e-02	0.000000e+00	
1081	9.433422e-02	0.000000e+00	
1082	9.443422e-02	0.000000e+00	
1083	9.453422e-02	0.000000e+00	
1084	9.463422e-02	0.000000e+00	
1085	9.473422e-02	0.000000e+00	
1086	9.483422e-02	0.000000e+00	
1087	9.493422e-02	0.000000e+00	
1088	9.503422e-02	0.000000e+00	
1089	9.513422e-02	0.000000e+00	
1090	9.523422e-02	0.000000e+00	
1091	9.533422e-02	0.000000e+00	
1092	9.543422e-02	0.000000e+00	
1093	9.553422e-02	0.000000e+00	
1094	9.563422e-02	0.000000e+00	
1095	9.573422e-02	0.000000e+00	
1096	9.583422e-02	0.000000e+00	
1097	9.593422e-02	0.000000e+00	
1098	9.603422e-02	0.000000e+00	

Index   time            alli            
--------------------------------------------------------------------------------
1099	9.613422e-02	0.000000e+00	
1100	9.623422e-02	0.000000e+00	
1101	9.633422e-02	0.000000e+00	
1102	9.643422e-02	0.000000e+00	
1103	9.653422e-02	0.000000e+00	
1104	9.663422e-02	0.000000e+00	
1105	9.673422e-02	0.000000e+00	
1106	9.683422e-02	0.000000e+00	
1107	9.693422e-02	0.000000e+00	
1108	9.703422e-02	0.000000e+00	
1109	9.713422e-02	0.000000e+00	
1110	9.723422e-02	0.000000e+00	
1111	9.733422e-02	0.000000e+00	
1112	9.743422e-02	0.000000e+00	
1113	9.753422e-02	0.000000e+00	
1114	9.763422e-02	0.000000e+00	
1115	9.773422e-02	0.000000e+00	
1116	9.783422e-02	0.000000e+00	
1117	9.793422e-02	0.000000e+00	
1118	9.803422e-02	0.000000e+00	
1119	9.813422e-02	0.000000e+00	
1120	9.823422e-02	0.000000e+00	
1121	9.833422e-02	0.000000e+00	
1122	9.843422e-02	0.000000e+00	
1123	9.853422e-02	0.000000e+00	
1124	9.863422e-02	0.000000e+00	
1125	9.873422e-02	0.000000e+00	
1126	9.883422e-02	0.000000e+00	
1127	9.893422e-02	0.000000e+00	
1128	9.903422e-02	0.000000e+00	
1129	9.913422e-02	0.000000e+00	
1130	9.923422e-02	0.000000e+00	
1131	9.933422e-02	0.000000e+00	
1132	9.943422e-02	0.000000e+00	
1133	9.953422e-02	0.000000e+00	
1134	9.963422e-02	0.000000e+00	
1135	9.973422e-02	0.000000e+00	
1136	9.983422e-02	0.000000e+00	
1137	9.993422e-02	0.000000e+00	
1138	1.000342e-01	0.000000e+00	
1139	1.001342e-01	0.000000e+00	
1140	1.002342e-01	0.000000e+00	
1141	1.003342e-01	0.000000e+00	
1142	1.004342e-01	0.000000e+00	
1143	1.005342e-01	0.000000e+00	
1144	1.006342e-01	0.000000e+00	
1145	1.007342e-01	0.000000e+00	
1146	1.008342e-01	0.000000e+00	
1147	1.009342e-01	0.000000e+00	
1148	1.010342e-01	0.000000e+00	
1149	1.011342e-01	0.000000e+00	
1150	1.012342e-01	0.000000e+00	
1151	1.013342e-01	0.000000e+00	
1152	1.014342e-01	0.000000e+00	
1153	1.015342e-01	0.000000e+00	
1154	1.016342e-01	0.000000e+00	
1155	1.017342e-01	0.000000e+00	
1156	1.018342e-01	0.000000e+00	

Index   time            alli            
--------------------------------------------------------------------------------
1157	1.019342e-01	0.000000e+00	
1158	1.020342e-01	0.000000e+00	
1159	1.021342e-01	0.000000e+00	
1160	1.022342e-01	0.000000e+00	
1161	1.023342e-01	0.000000e+00	
1162	1.024342e-01	0.000000e+00	
1163	1.025342e-01	0.000000e+00	
1164	1.026342e-01	0.000000e+00	
1165	1.027342e-01	0.000000e+00	
1166	1.028342e-01	0.000000e+00	
1167	1.029342e-01	0.000000e+00	
1168	1.030342e-01	0.000000e+00	
1169	1.031342e-01	0.000000e+00	
1170	1.032342e-01	0.000000e+00	
1171	1.033342e-01	0.000000e+00	
1172	1.034342e-01	0.000000e+00	
1173	1.035342e-01	0.000000e+00	
1174	1.036342e-01	0.000000e+00	
1175	1.037342e-01	0.000000e+00	
1176	1.038342e-01	0.000000e+00	
1177	1.039342e-01	0.000000e+00	
1178	1.040342e-01	0.000000e+00	
1179	1.041342e-01	0.000000e+00	
1180	1.042342e-01	0.000000e+00	
1181	1.043342e-01	0.000000e+00	
1182	1.044342e-01	0.000000e+00	
1183	1.045342e-01	0.000000e+00	
1184	1.046342e-01	0.000000e+00	
1185	1.047342e-01	0.000000e+00	
1186	1.048342e-01	0.000000e+00	
1187	1.049342e-01	0.000000e+00	
1188	1.050342e-01	0.000000e+00	
1189	1.051342e-01	0.000000e+00	
1190	1.052342e-01	0.000000e+00	
1191	1.053342e-01	0.000000e+00	
1192	1.054342e-01	0.000000e+00	
1193	1.055342e-01	0.000000e+00	
1194	1.056342e-01	0.000000e+00	
1195	1.057342e-01	0.000000e+00	
1196	1.058342e-01	0.000000e+00	
1197	1.059342e-01	0.000000e+00	
1198	1.060342e-01	0.000000e+00	
1199	1.061342e-01	0.000000e+00	
1200	1.062342e-01	0.000000e+00	
1201	1.063342e-01	0.000000e+00	
1202	1.064342e-01	0.000000e+00	
1203	1.065342e-01	0.000000e+00	
1204	1.066342e-01	0.000000e+00	
1205	1.067342e-01	0.000000e+00	
1206	1.068342e-01	0.000000e+00	
1207	1.069342e-01	0.000000e+00	
1208	1.070342e-01	0.000000e+00	
1209	1.071342e-01	0.000000e+00	
1210	1.072342e-01	0.000000e+00	
1211	1.073342e-01	0.000000e+00	
1212	1.074342e-01	0.000000e+00	
1213	1.075342e-01	0.000000e+00	
1214	1.076342e-01	0.000000e+00	

Index   time            alli            
--------------------------------------------------------------------------------
1215	1.077342e-01	0.000000e+00	
1216	1.078342e-01	0.000000e+00	
1217	1.079342e-01	0.000000e+00	
1218	1.080342e-01	0.000000e+00	
1219	1.081342e-01	0.000000e+00	
1220	1.082342e-01	0.000000e+00	
1221	1.083342e-01	0.000000e+00	
1222	1.084342e-01	0.000000e+00	
1223	1.085342e-01	0.000000e+00	
1224	1.086342e-01	0.000000e+00	
1225	1.087342e-01	0.000000e+00	
1226	1.088342e-01	0.000000e+00	
1227	1.089342e-01	0.000000e+00	
1228	1.090342e-01	0.000000e+00	
1229	1.091342e-01	0.000000e+00	
1230	1.092342e-01	0.000000e+00	
1231	1.093342e-01	0.000000e+00	
1232	1.094342e-01	0.000000e+00	
1233	1.095342e-01	0.000000e+00	
1234	1.096342e-01	0.000000e+00	
1235	1.097342e-01	0.000000e+00	
1236	1.098342e-01	0.000000e+00	
1237	1.099342e-01	0.000000e+00	
1238	1.100342e-01	0.000000e+00	
1239	1.101342e-01	0.000000e+00	
1240	1.102342e-01	0.000000e+00	
1241	1.103342e-01	0.000000e+00	
1242	1.104342e-01	0.000000e+00	
1243	1.105342e-01	0.000000e+00	
1244	1.106342e-01	0.000000e+00	
1245	1.107342e-01	0.000000e+00	
1246	1.108342e-01	0.000000e+00	
1247	1.109342e-01	0.000000e+00	
1248	1.110342e-01	0.000000e+00	
1249	1.111342e-01	0.000000e+00	
1250	1.112342e-01	0.000000e+00	
1251	1.113342e-01	0.000000e+00	
1252	1.114342e-01	0.000000e+00	
1253	1.115342e-01	0.000000e+00	
1254	1.116342e-01	0.000000e+00	
1255	1.117342e-01	0.000000e+00	
1256	1.118342e-01	0.000000e+00	
1257	1.119342e-01	0.000000e+00	
1258	1.120342e-01	0.000000e+00	
1259	1.121342e-01	0.000000e+00	
1260	1.122342e-01	0.000000e+00	
1261	1.123342e-01	0.000000e+00	
1262	1.124342e-01	0.000000e+00	
1263	1.125342e-01	0.000000e+00	
1264	1.126342e-01	0.000000e+00	
1265	1.127342e-01	0.000000e+00	
1266	1.128342e-01	0.000000e+00	
1267	1.129342e-01	0.000000e+00	
1268	1.130342e-01	0.000000e+00	
1269	1.131342e-01	0.000000e+00	
1270	1.132342e-01	0.000000e+00	
1271	1.133342e-01	0.000000e+00	
1272	1.134342e-01	0.000000e+00	

Index   time            alli            
--------------------------------------------------------------------------------
1273	1.135342e-01	0.000000e+00	
1274	1.136342e-01	0.000000e+00	
1275	1.137342e-01	0.000000e+00	
1276	1.138342e-01	0.000000e+00	
1277	1.139342e-01	0.000000e+00	
1278	1.140342e-01	0.000000e+00	
1279	1.141342e-01	0.000000e+00	
1280	1.142342e-01	0.000000e+00	
1281	1.143342e-01	0.000000e+00	
1282	1.144342e-01	0.000000e+00	
1283	1.145342e-01	0.000000e+00	
1284	1.146342e-01	0.000000e+00	
1285	1.147342e-01	0.000000e+00	
1286	1.148342e-01	0.000000e+00	
1287	1.149342e-01	0.000000e+00	
1288	1.150342e-01	0.000000e+00	
1289	1.151342e-01	0.000000e+00	
1290	1.152342e-01	0.000000e+00	
1291	1.153342e-01	0.000000e+00	
1292	1.154342e-01	0.000000e+00	
1293	1.155342e-01	0.000000e+00	
1294	1.156342e-01	0.000000e+00	
1295	1.157342e-01	0.000000e+00	
1296	1.158342e-01	0.000000e+00	
1297	1.159342e-01	0.000000e+00	
1298	1.160342e-01	0.000000e+00	
1299	1.161342e-01	0.000000e+00	
1300	1.162342e-01	0.000000e+00	
1301	1.163342e-01	0.000000e+00	
1302	1.164342e-01	0.000000e+00	
1303	1.165342e-01	0.000000e+00	
1304	1.166342e-01	0.000000e+00	
1305	1.167342e-01	0.000000e+00	
1306	1.168342e-01	0.000000e+00	
1307	1.169342e-01	0.000000e+00	
1308	1.170342e-01	0.000000e+00	
1309	1.171342e-01	0.000000e+00	
1310	1.172342e-01	0.000000e+00	
1311	1.173342e-01	0.000000e+00	
1312	1.174342e-01	0.000000e+00	
1313	1.175342e-01	0.000000e+00	
1314	1.176342e-01	0.000000e+00	
1315	1.177342e-01	0.000000e+00	
1316	1.178342e-01	0.000000e+00	
1317	1.179342e-01	0.000000e+00	
1318	1.180342e-01	0.000000e+00	
1319	1.181342e-01	0.000000e+00	
1320	1.182342e-01	0.000000e+00	
1321	1.183342e-01	0.000000e+00	
1322	1.184342e-01	0.000000e+00	
1323	1.185342e-01	0.000000e+00	
1324	1.186342e-01	0.000000e+00	
1325	1.187342e-01	0.000000e+00	
1326	1.188342e-01	0.000000e+00	
1327	1.189342e-01	0.000000e+00	
1328	1.190342e-01	0.000000e+00	
1329	1.191342e-01	0.000000e+00	
1330	1.192342e-01	0.000000e+00	

Index   time            alli            
--------------------------------------------------------------------------------
1331	1.193342e-01	0.000000e+00	
1332	1.194342e-01	0.000000e+00	
1333	1.195342e-01	0.000000e+00	
1334	1.196342e-01	0.000000e+00	
1335	1.197342e-01	0.000000e+00	
1336	1.198342e-01	0.000000e+00	
1337	1.199342e-01	0.000000e+00	
1338	1.200342e-01	0.000000e+00	
1339	1.201342e-01	0.000000e+00	
1340	1.202342e-01	0.000000e+00	
1341	1.203342e-01	0.000000e+00	
1342	1.204342e-01	0.000000e+00	
1343	1.205342e-01	0.000000e+00	
1344	1.206342e-01	0.000000e+00	
1345	1.207342e-01	0.000000e+00	
1346	1.208342e-01	0.000000e+00	
1347	1.209342e-01	0.000000e+00	
1348	1.210342e-01	0.000000e+00	
1349	1.211342e-01	0.000000e+00	
1350	1.212342e-01	0.000000e+00	
1351	1.213342e-01	0.000000e+00	
1352	1.214342e-01	0.000000e+00	
1353	1.215342e-01	0.000000e+00	
1354	1.216342e-01	0.000000e+00	
1355	1.217342e-01	0.000000e+00	
1356	1.218342e-01	0.000000e+00	
1357	1.219342e-01	0.000000e+00	
1358	1.220342e-01	0.000000e+00	
1359	1.221342e-01	0.000000e+00	
1360	1.222342e-01	0.000000e+00	
1361	1.223342e-01	0.000000e+00	
1362	1.224342e-01	0.000000e+00	
1363	1.225342e-01	0.000000e+00	
1364	1.226342e-01	0.000000e+00	
1365	1.227342e-01	0.000000e+00	
1366	1.228342e-01	0.000000e+00	
1367	1.229342e-01	0.000000e+00	
1368	1.230342e-01	0.000000e+00	
1369	1.231342e-01	0.000000e+00	
1370	1.232342e-01	0.000000e+00	
1371	1.233342e-01	0.000000e+00	
1372	1.234342e-01	0.000000e+00	
1373	1.235342e-01	0.000000e+00	
1374	1.236342e-01	0.000000e+00	
1375	1.237342e-01	0.000000e+00	
1376	1.238342e-01	0.000000e+00	
1377	1.239342e-01	0.000000e+00	
1378	1.240342e-01	0.000000e+00	
1379	1.241342e-01	0.000000e+00	
1380	1.242342e-01	0.000000e+00	
1381	1.243342e-01	0.000000e+00	
1382	1.244342e-01	0.000000e+00	
1383	1.245342e-01	0.000000e+00	
1384	1.246342e-01	0.000000e+00	
1385	1.247342e-01	0.000000e+00	
1386	1.248342e-01	0.000000e+00	
1387	1.249342e-01	0.000000e+00	
1388	1.250342e-01	0.000000e+00	

Index   time            alli            
--------------------------------------------------------------------------------
1389	1.251342e-01	0.000000e+00	
1390	1.252342e-01	0.000000e+00	
1391	1.253342e-01	0.000000e+00	
1392	1.254342e-01	0.000000e+00	
1393	1.255342e-01	0.000000e+00	
1394	1.256342e-01	0.000000e+00	
1395	1.257342e-01	0.000000e+00	
1396	1.258342e-01	0.000000e+00	
1397	1.259342e-01	0.000000e+00	
1398	1.260342e-01	0.000000e+00	
1399	1.261342e-01	0.000000e+00	
1400	1.262342e-01	0.000000e+00	
1401	1.263342e-01	0.000000e+00	
1402	1.264342e-01	0.000000e+00	
1403	1.265342e-01	0.000000e+00	
1404	1.266342e-01	0.000000e+00	
1405	1.267342e-01	0.000000e+00	
1406	1.268342e-01	0.000000e+00	
1407	1.269342e-01	0.000000e+00	
1408	1.270342e-01	0.000000e+00	
1409	1.271342e-01	0.000000e+00	
1410	1.272342e-01	0.000000e+00	
1411	1.273342e-01	0.000000e+00	
1412	1.274342e-01	0.000000e+00	
1413	1.275342e-01	0.000000e+00	
1414	1.276342e-01	0.000000e+00	
1415	1.277342e-01	0.000000e+00	
1416	1.278342e-01	0.000000e+00	
1417	1.279342e-01	0.000000e+00	
1418	1.280342e-01	0.000000e+00	
1419	1.281342e-01	0.000000e+00	
1420	1.282342e-01	0.000000e+00	
1421	1.283342e-01	0.000000e+00	
1422	1.284342e-01	0.000000e+00	
1423	1.285342e-01	0.000000e+00	
1424	1.286342e-01	0.000000e+00	
1425	1.287342e-01	0.000000e+00	
1426	1.288342e-01	0.000000e+00	
1427	1.289342e-01	0.000000e+00	
1428	1.290342e-01	0.000000e+00	
1429	1.291342e-01	0.000000e+00	
1430	1.292342e-01	0.000000e+00	
1431	1.293342e-01	0.000000e+00	
1432	1.294342e-01	0.000000e+00	
1433	1.295342e-01	0.000000e+00	
1434	1.296342e-01	0.000000e+00	
1435	1.297342e-01	0.000000e+00	
1436	1.298342e-01	0.000000e+00	
1437	1.299342e-01	0.000000e+00	
1438	1.300342e-01	0.000000e+00	
1439	1.301342e-01	0.000000e+00	
1440	1.302342e-01	0.000000e+00	
1441	1.303342e-01	0.000000e+00	
1442	1.304342e-01	0.000000e+00	
1443	1.305342e-01	0.000000e+00	
1444	1.306342e-01	0.000000e+00	
1445	1.307342e-01	0.000000e+00	
1446	1.308342e-01	0.000000e+00	

Index   time            alli            
--------------------------------------------------------------------------------
1447	1.309342e-01	0.000000e+00	
1448	1.310342e-01	0.000000e+00	
1449	1.311342e-01	0.000000e+00	
1450	1.312342e-01	0.000000e+00	
1451	1.313342e-01	0.000000e+00	
1452	1.314342e-01	0.000000e+00	
1453	1.315342e-01	0.000000e+00	
1454	1.316342e-01	0.000000e+00	
1455	1.317342e-01	0.000000e+00	
1456	1.318342e-01	0.000000e+00	
1457	1.319342e-01	0.000000e+00	
1458	1.320342e-01	0.000000e+00	
1459	1.321342e-01	0.000000e+00	
1460	1.322342e-01	0.000000e+00	
1461	1.323342e-01	0.000000e+00	
1462	1.324342e-01	0.000000e+00	
1463	1.325342e-01	0.000000e+00	
1464	1.326342e-01	0.000000e+00	
1465	1.327342e-01	0.000000e+00	
1466	1.328342e-01	0.000000e+00	
1467	1.329342e-01	0.000000e+00	
1468	1.330342e-01	0.000000e+00	
1469	1.331342e-01	0.000000e+00	
1470	1.332342e-01	0.000000e+00	
1471	1.333342e-01	0.000000e+00	
1472	1.334342e-01	0.000000e+00	
1473	1.335342e-01	0.000000e+00	
1474	1.336342e-01	0.000000e+00	
1475	1.337342e-01	0.000000e+00	
1476	1.338342e-01	0.000000e+00	
1477	1.339342e-01	0.000000e+00	
1478	1.340342e-01	0.000000e+00	
1479	1.341342e-01	0.000000e+00	
1480	1.342342e-01	0.000000e+00	
1481	1.343342e-01	0.000000e+00	
1482	1.344342e-01	0.000000e+00	
1483	1.345342e-01	0.000000e+00	
1484	1.346342e-01	0.000000e+00	
1485	1.347342e-01	0.000000e+00	
1486	1.348342e-01	0.000000e+00	
1487	1.349342e-01	0.000000e+00	
1488	1.350342e-01	0.000000e+00	
1489	1.351342e-01	0.000000e+00	
1490	1.352342e-01	0.000000e+00	
1491	1.353342e-01	0.000000e+00	
1492	1.354342e-01	0.000000e+00	
1493	1.355342e-01	0.000000e+00	
1494	1.356342e-01	0.000000e+00	
1495	1.357342e-01	0.000000e+00	
1496	1.358342e-01	0.000000e+00	
1497	1.359342e-01	0.000000e+00	
1498	1.360342e-01	0.000000e+00	
1499	1.361342e-01	0.000000e+00	
1500	1.362342e-01	0.000000e+00	
1501	1.363342e-01	0.000000e+00	
1502	1.364342e-01	0.000000e+00	
1503	1.365342e-01	0.000000e+00	
1504	1.366342e-01	0.000000e+00	

Index   time            alli            
--------------------------------------------------------------------------------
1505	1.367342e-01	0.000000e+00	
1506	1.368342e-01	0.000000e+00	
1507	1.369342e-01	0.000000e+00	
1508	1.370342e-01	0.000000e+00	
1509	1.371342e-01	0.000000e+00	
1510	1.372342e-01	0.000000e+00	
1511	1.373342e-01	0.000000e+00	
1512	1.374342e-01	0.000000e+00	
1513	1.375342e-01	0.000000e+00	
1514	1.376342e-01	0.000000e+00	
1515	1.377342e-01	0.000000e+00	
1516	1.378342e-01	0.000000e+00	
1517	1.379342e-01	0.000000e+00	
1518	1.380342e-01	0.000000e+00	
1519	1.381342e-01	0.000000e+00	
1520	1.382342e-01	0.000000e+00	
1521	1.383342e-01	0.000000e+00	
1522	1.384342e-01	0.000000e+00	
1523	1.385342e-01	0.000000e+00	
1524	1.386342e-01	0.000000e+00	
1525	1.387342e-01	0.000000e+00	
1526	1.388342e-01	0.000000e+00	
1527	1.389342e-01	0.000000e+00	
1528	1.390342e-01	0.000000e+00	
1529	1.391342e-01	0.000000e+00	
1530	1.392342e-01	0.000000e+00	
1531	1.393342e-01	0.000000e+00	
1532	1.394342e-01	0.000000e+00	
1533	1.395342e-01	0.000000e+00	
1534	1.396342e-01	0.000000e+00	
1535	1.397342e-01	0.000000e+00	
1536	1.398342e-01	0.000000e+00	
1537	1.399342e-01	0.000000e+00	
1538	1.400342e-01	0.000000e+00	
1539	1.401342e-01	0.000000e+00	
1540	1.402342e-01	0.000000e+00	
1541	1.403342e-01	0.000000e+00	
1542	1.404342e-01	0.000000e+00	
1543	1.405342e-01	0.000000e+00	
1544	1.406342e-01	0.000000e+00	
1545	1.407342e-01	0.000000e+00	
1546	1.408342e-01	0.000000e+00	
1547	1.409342e-01	0.000000e+00	
1548	1.410342e-01	0.000000e+00	
1549	1.411342e-01	0.000000e+00	
1550	1.412342e-01	0.000000e+00	
1551	1.413342e-01	0.000000e+00	
1552	1.414342e-01	0.000000e+00	
1553	1.415342e-01	0.000000e+00	
1554	1.416342e-01	0.000000e+00	
1555	1.417342e-01	0.000000e+00	
1556	1.418342e-01	0.000000e+00	
1557	1.419342e-01	0.000000e+00	
1558	1.420342e-01	0.000000e+00	
1559	1.421342e-01	0.000000e+00	
1560	1.422342e-01	0.000000e+00	
1561	1.423342e-01	0.000000e+00	
1562	1.424342e-01	0.000000e+00	

Index   time            alli            
--------------------------------------------------------------------------------
1563	1.425342e-01	0.000000e+00	
1564	1.426342e-01	0.000000e+00	
1565	1.427342e-01	0.000000e+00	
1566	1.428342e-01	0.000000e+00	
1567	1.429342e-01	0.000000e+00	
1568	1.430342e-01	0.000000e+00	
1569	1.431342e-01	0.000000e+00	
1570	1.432342e-01	0.000000e+00	
1571	1.433342e-01	0.000000e+00	
1572	1.434342e-01	0.000000e+00	
1573	1.435342e-01	0.000000e+00	
1574	1.436342e-01	0.000000e+00	
1575	1.437342e-01	0.000000e+00	
1576	1.438342e-01	0.000000e+00	
1577	1.439342e-01	0.000000e+00	
1578	1.440342e-01	0.000000e+00	
1579	1.441342e-01	0.000000e+00	
1580	1.442342e-01	0.000000e+00	
1581	1.443342e-01	0.000000e+00	
1582	1.444342e-01	0.000000e+00	
1583	1.445342e-01	0.000000e+00	
1584	1.446342e-01	0.000000e+00	
1585	1.447342e-01	0.000000e+00	
1586	1.448342e-01	0.000000e+00	
1587	1.449342e-01	0.000000e+00	
1588	1.450342e-01	0.000000e+00	
1589	1.451342e-01	0.000000e+00	
1590	1.452342e-01	0.000000e+00	
1591	1.453342e-01	0.000000e+00	
1592	1.454342e-01	0.000000e+00	
1593	1.455342e-01	0.000000e+00	
1594	1.456342e-01	0.000000e+00	
1595	1.457342e-01	0.000000e+00	
1596	1.458342e-01	0.000000e+00	
1597	1.459342e-01	0.000000e+00	
1598	1.460342e-01	0.000000e+00	
1599	1.461342e-01	0.000000e+00	
1600	1.462342e-01	0.000000e+00	
1601	1.463342e-01	0.000000e+00	
1602	1.464342e-01	0.000000e+00	
1603	1.465342e-01	0.000000e+00	
1604	1.466342e-01	0.000000e+00	
1605	1.467342e-01	0.000000e+00	
1606	1.468342e-01	0.000000e+00	
1607	1.469342e-01	0.000000e+00	
1608	1.470342e-01	0.000000e+00	
1609	1.471342e-01	0.000000e+00	
1610	1.472342e-01	0.000000e+00	
1611	1.473342e-01	0.000000e+00	
1612	1.474342e-01	0.000000e+00	
1613	1.475342e-01	0.000000e+00	
1614	1.476342e-01	0.000000e+00	
1615	1.477342e-01	0.000000e+00	
1616	1.478342e-01	0.000000e+00	
1617	1.479342e-01	0.000000e+00	
1618	1.480342e-01	0.000000e+00	
1619	1.481342e-01	0.000000e+00	
1620	1.482342e-01	0.000000e+00	

Index   time            alli            
--------------------------------------------------------------------------------
1621	1.483342e-01	0.000000e+00	
1622	1.484342e-01	0.000000e+00	
1623	1.485342e-01	0.000000e+00	
1624	1.486342e-01	0.000000e+00	
1625	1.487342e-01	0.000000e+00	
1626	1.488342e-01	0.000000e+00	
1627	1.489342e-01	0.000000e+00	
1628	1.490342e-01	0.000000e+00	
1629	1.491342e-01	0.000000e+00	
1630	1.492342e-01	0.000000e+00	
1631	1.493342e-01	0.000000e+00	
1632	1.494342e-01	0.000000e+00	
1633	1.495342e-01	0.000000e+00	
1634	1.496342e-01	0.000000e+00	
1635	1.497342e-01	0.000000e+00	
1636	1.498342e-01	0.000000e+00	
1637	1.499342e-01	0.000000e+00	
1638	1.500342e-01	0.000000e+00	
1639	1.501342e-01	0.000000e+00	
1640	1.502342e-01	0.000000e+00	
1641	1.503342e-01	0.000000e+00	
1642	1.504342e-01	0.000000e+00	
1643	1.505342e-01	0.000000e+00	
1644	1.506342e-01	0.000000e+00	
1645	1.507342e-01	0.000000e+00	
1646	1.508342e-01	0.000000e+00	
1647	1.509342e-01	0.000000e+00	
1648	1.510342e-01	0.000000e+00	
1649	1.511342e-01	0.000000e+00	
1650	1.512342e-01	0.000000e+00	
1651	1.513342e-01	0.000000e+00	
1652	1.514342e-01	0.000000e+00	
1653	1.515342e-01	0.000000e+00	
1654	1.516342e-01	0.000000e+00	
1655	1.517342e-01	0.000000e+00	
1656	1.518342e-01	0.000000e+00	
1657	1.519342e-01	0.000000e+00	
1658	1.520342e-01	0.000000e+00	
1659	1.521342e-01	0.000000e+00	
1660	1.522342e-01	0.000000e+00	
1661	1.523342e-01	0.000000e+00	
1662	1.524342e-01	0.000000e+00	
1663	1.525342e-01	0.000000e+00	
1664	1.526342e-01	0.000000e+00	
1665	1.527342e-01	0.000000e+00	
1666	1.528342e-01	0.000000e+00	
1667	1.529342e-01	0.000000e+00	
1668	1.530342e-01	0.000000e+00	
1669	1.531342e-01	0.000000e+00	
1670	1.532342e-01	0.000000e+00	
1671	1.533342e-01	0.000000e+00	
1672	1.534342e-01	0.000000e+00	
1673	1.535342e-01	0.000000e+00	
1674	1.536342e-01	0.000000e+00	
1675	1.537342e-01	0.000000e+00	
1676	1.538342e-01	0.000000e+00	
1677	1.539342e-01	0.000000e+00	
1678	1.540342e-01	0.000000e+00	

Index   time            alli            
--------------------------------------------------------------------------------
1679	1.541342e-01	0.000000e+00	
1680	1.542342e-01	0.000000e+00	
1681	1.543342e-01	0.000000e+00	
1682	1.544342e-01	0.000000e+00	
1683	1.545342e-01	0.000000e+00	
1684	1.546342e-01	0.000000e+00	
1685	1.547342e-01	0.000000e+00	
1686	1.548342e-01	0.000000e+00	
1687	1.549342e-01	0.000000e+00	
1688	1.550342e-01	0.000000e+00	
1689	1.551342e-01	0.000000e+00	
1690	1.552342e-01	0.000000e+00	
1691	1.553342e-01	0.000000e+00	
1692	1.554342e-01	0.000000e+00	
1693	1.555342e-01	0.000000e+00	
1694	1.556342e-01	0.000000e+00	
1695	1.557342e-01	0.000000e+00	
1696	1.558342e-01	0.000000e+00	
1697	1.559342e-01	0.000000e+00	
1698	1.560342e-01	0.000000e+00	
1699	1.561342e-01	0.000000e+00	
1700	1.562342e-01	0.000000e+00	
1701	1.563342e-01	0.000000e+00	
1702	1.564342e-01	0.000000e+00	
1703	1.565342e-01	0.000000e+00	
1704	1.566342e-01	0.000000e+00	
1705	1.567342e-01	0.000000e+00	
1706	1.568342e-01	0.000000e+00	
1707	1.569342e-01	0.000000e+00	
1708	1.570342e-01	0.000000e+00	
1709	1.571342e-01	0.000000e+00	
1710	1.572342e-01	0.000000e+00	
1711	1.573342e-01	0.000000e+00	
1712	1.574342e-01	0.000000e+00	
1713	1.575342e-01	0.000000e+00	
1714	1.576342e-01	0.000000e+00	
1715	1.577342e-01	0.000000e+00	
1716	1.578342e-01	0.000000e+00	
1717	1.579342e-01	0.000000e+00	
1718	1.580342e-01	0.000000e+00	
1719	1.581342e-01	0.000000e+00	
1720	1.582342e-01	0.000000e+00	
1721	1.583342e-01	0.000000e+00	
1722	1.584342e-01	0.000000e+00	
1723	1.585342e-01	0.000000e+00	
1724	1.586342e-01	0.000000e+00	
1725	1.587342e-01	0.000000e+00	
1726	1.588342e-01	0.000000e+00	
1727	1.589342e-01	0.000000e+00	
1728	1.590342e-01	0.000000e+00	
1729	1.591342e-01	0.000000e+00	
1730	1.592342e-01	0.000000e+00	
1731	1.593342e-01	0.000000e+00	
1732	1.594342e-01	0.000000e+00	
1733	1.595342e-01	0.000000e+00	
1734	1.596342e-01	0.000000e+00	
1735	1.597342e-01	0.000000e+00	
1736	1.598342e-01	0.000000e+00	

Index   time            alli            
--------------------------------------------------------------------------------
1737	1.599342e-01	0.000000e+00	
1738	1.600342e-01	0.000000e+00	
1739	1.601342e-01	0.000000e+00	
1740	1.602342e-01	0.000000e+00	
1741	1.603342e-01	0.000000e+00	
1742	1.604342e-01	0.000000e+00	
1743	1.605342e-01	0.000000e+00	
1744	1.606342e-01	0.000000e+00	
1745	1.607342e-01	0.000000e+00	
1746	1.608342e-01	0.000000e+00	
1747	1.609342e-01	0.000000e+00	
1748	1.610342e-01	0.000000e+00	
1749	1.611342e-01	0.000000e+00	
1750	1.612342e-01	0.000000e+00	
1751	1.613342e-01	0.000000e+00	
1752	1.614342e-01	0.000000e+00	
1753	1.615342e-01	0.000000e+00	
1754	1.616342e-01	0.000000e+00	
1755	1.617342e-01	0.000000e+00	
1756	1.618342e-01	0.000000e+00	
1757	1.619342e-01	0.000000e+00	
1758	1.620342e-01	0.000000e+00	
1759	1.621342e-01	0.000000e+00	
1760	1.622342e-01	0.000000e+00	
1761	1.623342e-01	0.000000e+00	
1762	1.624342e-01	0.000000e+00	
1763	1.625342e-01	0.000000e+00	
1764	1.626342e-01	0.000000e+00	
1765	1.627342e-01	0.000000e+00	
1766	1.628342e-01	0.000000e+00	
1767	1.629342e-01	0.000000e+00	
1768	1.630342e-01	0.000000e+00	
1769	1.631342e-01	0.000000e+00	
1770	1.632342e-01	0.000000e+00	
1771	1.633342e-01	0.000000e+00	
1772	1.634342e-01	0.000000e+00	
1773	1.635342e-01	0.000000e+00	
1774	1.636342e-01	0.000000e+00	
1775	1.637342e-01	0.000000e+00	
1776	1.638342e-01	0.000000e+00	
1777	1.639342e-01	0.000000e+00	
1778	1.640342e-01	0.000000e+00	
1779	1.641342e-01	0.000000e+00	
1780	1.642342e-01	0.000000e+00	
1781	1.643342e-01	0.000000e+00	
1782	1.644342e-01	0.000000e+00	
1783	1.645342e-01	0.000000e+00	
1784	1.646342e-01	0.000000e+00	
1785	1.647342e-01	0.000000e+00	
1786	1.648342e-01	0.000000e+00	
1787	1.649342e-01	0.000000e+00	
1788	1.650342e-01	0.000000e+00	
1789	1.651342e-01	0.000000e+00	
1790	1.652342e-01	0.000000e+00	
1791	1.653342e-01	0.000000e+00	
1792	1.654342e-01	0.000000e+00	
1793	1.655342e-01	0.000000e+00	
1794	1.656342e-01	0.000000e+00	

Index   time            alli            
--------------------------------------------------------------------------------
1795	1.657342e-01	0.000000e+00	
1796	1.658342e-01	0.000000e+00	
1797	1.659342e-01	0.000000e+00	
1798	1.660342e-01	0.000000e+00	
1799	1.661342e-01	0.000000e+00	
1800	1.662342e-01	0.000000e+00	
1801	1.663342e-01	0.000000e+00	
1802	1.664342e-01	0.000000e+00	
1803	1.665342e-01	0.000000e+00	
1804	1.666342e-01	0.000000e+00	
1805	1.667342e-01	0.000000e+00	
1806	1.668342e-01	0.000000e+00	
1807	1.669342e-01	0.000000e+00	
1808	1.670342e-01	0.000000e+00	
1809	1.671342e-01	0.000000e+00	
1810	1.672342e-01	0.000000e+00	
1811	1.673342e-01	0.000000e+00	
1812	1.674342e-01	0.000000e+00	
1813	1.675342e-01	0.000000e+00	
1814	1.676342e-01	0.000000e+00	
1815	1.677342e-01	0.000000e+00	
1816	1.678342e-01	0.000000e+00	
1817	1.679342e-01	0.000000e+00	
1818	1.680342e-01	0.000000e+00	
1819	1.681342e-01	0.000000e+00	
1820	1.682342e-01	0.000000e+00	
1821	1.683342e-01	0.000000e+00	
1822	1.684342e-01	0.000000e+00	
1823	1.685342e-01	0.000000e+00	
1824	1.686342e-01	0.000000e+00	
1825	1.687342e-01	0.000000e+00	
1826	1.688342e-01	0.000000e+00	
1827	1.689342e-01	0.000000e+00	
1828	1.690342e-01	0.000000e+00	
1829	1.691342e-01	0.000000e+00	
1830	1.692342e-01	0.000000e+00	
1831	1.693342e-01	0.000000e+00	
1832	1.694342e-01	0.000000e+00	
1833	1.695342e-01	0.000000e+00	
1834	1.696342e-01	0.000000e+00	
1835	1.697342e-01	0.000000e+00	
1836	1.698342e-01	0.000000e+00	
1837	1.699342e-01	0.000000e+00	
1838	1.700342e-01	0.000000e+00	
1839	1.701342e-01	0.000000e+00	
1840	1.702342e-01	0.000000e+00	
1841	1.703342e-01	0.000000e+00	
1842	1.704342e-01	0.000000e+00	
1843	1.705342e-01	0.000000e+00	
1844	1.706342e-01	0.000000e+00	
1845	1.707342e-01	0.000000e+00	
1846	1.708342e-01	0.000000e+00	
1847	1.709342e-01	0.000000e+00	
1848	1.710342e-01	0.000000e+00	
1849	1.711342e-01	0.000000e+00	
1850	1.712342e-01	0.000000e+00	
1851	1.713342e-01	0.000000e+00	
1852	1.714342e-01	0.000000e+00	

Index   time            alli            
--------------------------------------------------------------------------------
1853	1.715342e-01	0.000000e+00	
1854	1.716342e-01	0.000000e+00	
1855	1.717342e-01	0.000000e+00	
1856	1.718342e-01	0.000000e+00	
1857	1.719342e-01	0.000000e+00	
1858	1.720342e-01	0.000000e+00	
1859	1.721342e-01	0.000000e+00	
1860	1.722342e-01	0.000000e+00	
1861	1.723342e-01	0.000000e+00	
1862	1.724342e-01	0.000000e+00	
1863	1.725342e-01	0.000000e+00	
1864	1.726342e-01	0.000000e+00	
1865	1.727342e-01	0.000000e+00	
1866	1.728342e-01	0.000000e+00	
1867	1.729342e-01	0.000000e+00	
1868	1.730342e-01	0.000000e+00	
1869	1.731342e-01	0.000000e+00	
1870	1.732342e-01	0.000000e+00	
1871	1.733342e-01	0.000000e+00	
1872	1.734342e-01	0.000000e+00	
1873	1.735342e-01	0.000000e+00	
1874	1.736342e-01	0.000000e+00	
1875	1.737342e-01	0.000000e+00	
1876	1.738342e-01	0.000000e+00	
1877	1.739342e-01	0.000000e+00	
1878	1.740342e-01	0.000000e+00	
1879	1.741342e-01	0.000000e+00	
1880	1.742342e-01	0.000000e+00	
1881	1.743342e-01	0.000000e+00	
1882	1.744342e-01	0.000000e+00	
1883	1.745342e-01	0.000000e+00	
1884	1.746342e-01	0.000000e+00	
1885	1.747342e-01	0.000000e+00	
1886	1.748342e-01	0.000000e+00	
1887	1.749342e-01	0.000000e+00	
1888	1.750342e-01	0.000000e+00	
1889	1.751342e-01	0.000000e+00	
1890	1.752342e-01	0.000000e+00	
1891	1.753342e-01	0.000000e+00	
1892	1.754342e-01	0.000000e+00	
1893	1.755342e-01	0.000000e+00	
1894	1.756342e-01	0.000000e+00	
1895	1.757342e-01	0.000000e+00	
1896	1.758342e-01	0.000000e+00	
1897	1.759342e-01	0.000000e+00	
1898	1.760342e-01	0.000000e+00	
1899	1.761342e-01	0.000000e+00	
1900	1.762342e-01	0.000000e+00	
1901	1.763342e-01	0.000000e+00	
1902	1.764342e-01	0.000000e+00	
1903	1.765342e-01	0.000000e+00	
1904	1.766342e-01	0.000000e+00	
1905	1.767342e-01	0.000000e+00	
1906	1.768342e-01	0.000000e+00	
1907	1.769342e-01	0.000000e+00	
1908	1.770342e-01	0.000000e+00	
1909	1.771342e-01	0.000000e+00	
1910	1.772342e-01	0.000000e+00	

Index   time            alli            
--------------------------------------------------------------------------------
1911	1.773342e-01	0.000000e+00	
1912	1.774342e-01	0.000000e+00	
1913	1.775342e-01	0.000000e+00	
1914	1.776342e-01	0.000000e+00	
1915	1.777342e-01	0.000000e+00	
1916	1.778342e-01	0.000000e+00	
1917	1.779342e-01	0.000000e+00	
1918	1.780342e-01	0.000000e+00	
1919	1.781342e-01	0.000000e+00	
1920	1.782342e-01	0.000000e+00	
1921	1.783342e-01	0.000000e+00	
1922	1.784342e-01	0.000000e+00	
1923	1.785342e-01	0.000000e+00	
1924	1.786342e-01	0.000000e+00	
1925	1.787342e-01	0.000000e+00	
1926	1.788342e-01	0.000000e+00	
1927	1.789342e-01	0.000000e+00	
1928	1.790342e-01	0.000000e+00	
1929	1.791342e-01	0.000000e+00	
1930	1.792342e-01	0.000000e+00	
1931	1.793342e-01	0.000000e+00	
1932	1.794342e-01	0.000000e+00	
1933	1.795342e-01	0.000000e+00	
1934	1.796342e-01	0.000000e+00	
1935	1.797342e-01	0.000000e+00	
1936	1.798342e-01	0.000000e+00	
1937	1.799342e-01	0.000000e+00	
1938	1.800342e-01	0.000000e+00	
1939	1.801342e-01	0.000000e+00	
1940	1.802342e-01	0.000000e+00	
1941	1.803342e-01	0.000000e+00	
1942	1.804342e-01	0.000000e+00	
1943	1.805342e-01	0.000000e+00	
1944	1.806342e-01	0.000000e+00	
1945	1.807342e-01	0.000000e+00	
1946	1.808342e-01	0.000000e+00	
1947	1.809342e-01	0.000000e+00	
1948	1.810342e-01	0.000000e+00	
1949	1.811342e-01	0.000000e+00	
1950	1.812342e-01	0.000000e+00	
1951	1.813342e-01	0.000000e+00	
1952	1.814342e-01	0.000000e+00	
1953	1.815342e-01	0.000000e+00	
1954	1.816342e-01	0.000000e+00	
1955	1.817342e-01	0.000000e+00	
1956	1.818342e-01	0.000000e+00	
1957	1.819342e-01	0.000000e+00	
1958	1.820342e-01	0.000000e+00	
1959	1.821342e-01	0.000000e+00	
1960	1.822342e-01	0.000000e+00	
1961	1.823342e-01	0.000000e+00	
1962	1.824342e-01	0.000000e+00	
1963	1.825342e-01	0.000000e+00	
1964	1.826342e-01	0.000000e+00	
1965	1.827342e-01	0.000000e+00	
1966	1.828342e-01	0.000000e+00	
1967	1.829342e-01	0.000000e+00	
1968	1.830342e-01	0.000000e+00	

Index   time            alli            
--------------------------------------------------------------------------------
1969	1.831342e-01	0.000000e+00	
1970	1.832342e-01	0.000000e+00	
1971	1.833342e-01	0.000000e+00	
1972	1.834342e-01	0.000000e+00	
1973	1.835342e-01	0.000000e+00	
1974	1.836342e-01	0.000000e+00	
1975	1.837342e-01	0.000000e+00	
1976	1.838342e-01	0.000000e+00	
1977	1.839342e-01	0.000000e+00	
1978	1.840342e-01	0.000000e+00	
1979	1.841342e-01	0.000000e+00	
1980	1.842342e-01	0.000000e+00	
1981	1.843342e-01	0.000000e+00	
1982	1.844342e-01	0.000000e+00	
1983	1.845342e-01	0.000000e+00	
1984	1.846342e-01	0.000000e+00	
1985	1.847342e-01	0.000000e+00	
1986	1.848342e-01	0.000000e+00	
1987	1.849342e-01	0.000000e+00	
1988	1.850342e-01	0.000000e+00	
1989	1.851342e-01	0.000000e+00	
1990	1.852342e-01	0.000000e+00	
1991	1.853342e-01	0.000000e+00	
1992	1.854342e-01	0.000000e+00	
1993	1.855342e-01	0.000000e+00	
1994	1.856342e-01	0.000000e+00	
1995	1.857342e-01	0.000000e+00	
1996	1.858342e-01	0.000000e+00	
1997	1.859342e-01	0.000000e+00	
1998	1.860342e-01	0.000000e+00	
1999	1.861342e-01	0.000000e+00	
2000	1.862342e-01	0.000000e+00	
2001	1.863342e-01	0.000000e+00	
2002	1.864342e-01	0.000000e+00	
2003	1.865342e-01	0.000000e+00	
2004	1.866342e-01	0.000000e+00	
2005	1.867342e-01	0.000000e+00	
2006	1.868342e-01	0.000000e+00	
2007	1.869342e-01	0.000000e+00	
2008	1.870342e-01	0.000000e+00	
2009	1.871342e-01	0.000000e+00	
2010	1.872342e-01	0.000000e+00	
2011	1.873342e-01	0.000000e+00	
2012	1.874342e-01	0.000000e+00	
2013	1.875342e-01	0.000000e+00	
2014	1.876342e-01	0.000000e+00	
2015	1.877342e-01	0.000000e+00	
2016	1.878342e-01	0.000000e+00	
2017	1.879342e-01	0.000000e+00	
2018	1.880342e-01	0.000000e+00	
2019	1.881342e-01	0.000000e+00	
2020	1.882342e-01	0.000000e+00	
2021	1.883342e-01	0.000000e+00	
2022	1.884342e-01	0.000000e+00	
2023	1.885342e-01	0.000000e+00	
2024	1.886342e-01	0.000000e+00	
2025	1.887342e-01	0.000000e+00	
2026	1.888342e-01	0.000000e+00	

Index   time            alli            
--------------------------------------------------------------------------------
2027	1.889342e-01	0.000000e+00	
2028	1.890342e-01	0.000000e+00	
2029	1.891342e-01	0.000000e+00	
2030	1.892342e-01	0.000000e+00	
2031	1.893342e-01	0.000000e+00	
2032	1.894342e-01	0.000000e+00	
2033	1.895342e-01	0.000000e+00	
2034	1.896342e-01	0.000000e+00	
2035	1.897342e-01	0.000000e+00	
2036	1.898342e-01	0.000000e+00	
2037	1.899342e-01	0.000000e+00	
2038	1.900342e-01	0.000000e+00	
2039	1.901342e-01	0.000000e+00	
2040	1.902342e-01	0.000000e+00	
2041	1.903342e-01	0.000000e+00	
2042	1.904342e-01	0.000000e+00	
2043	1.905342e-01	0.000000e+00	
2044	1.906342e-01	0.000000e+00	
2045	1.907342e-01	0.000000e+00	
2046	1.908342e-01	0.000000e+00	
2047	1.909342e-01	0.000000e+00	
2048	1.910342e-01	0.000000e+00	
2049	1.911342e-01	0.000000e+00	
2050	1.912342e-01	0.000000e+00	
2051	1.913342e-01	0.000000e+00	
2052	1.914342e-01	0.000000e+00	
2053	1.915342e-01	0.000000e+00	
2054	1.916342e-01	0.000000e+00	
2055	1.917342e-01	0.000000e+00	
2056	1.918342e-01	0.000000e+00	
2057	1.919342e-01	0.000000e+00	
2058	1.920342e-01	0.000000e+00	
2059	1.921342e-01	0.000000e+00	
2060	1.922342e-01	0.000000e+00	
2061	1.923342e-01	0.000000e+00	
2062	1.924342e-01	0.000000e+00	
2063	1.925342e-01	0.000000e+00	
2064	1.926342e-01	0.000000e+00	
2065	1.927342e-01	0.000000e+00	
2066	1.928342e-01	0.000000e+00	
2067	1.929342e-01	0.000000e+00	
2068	1.930342e-01	0.000000e+00	
2069	1.931342e-01	0.000000e+00	
2070	1.932342e-01	0.000000e+00	
2071	1.933342e-01	0.000000e+00	
2072	1.934342e-01	0.000000e+00	
2073	1.935342e-01	0.000000e+00	
2074	1.936342e-01	0.000000e+00	
2075	1.937342e-01	0.000000e+00	
2076	1.938342e-01	0.000000e+00	
2077	1.939342e-01	0.000000e+00	
2078	1.940342e-01	0.000000e+00	
2079	1.941342e-01	0.000000e+00	
2080	1.942342e-01	0.000000e+00	
2081	1.943342e-01	0.000000e+00	
2082	1.944342e-01	0.000000e+00	
2083	1.945342e-01	0.000000e+00	
2084	1.946342e-01	0.000000e+00	

Index   time            alli            
--------------------------------------------------------------------------------
2085	1.947342e-01	0.000000e+00	
2086	1.948342e-01	0.000000e+00	
2087	1.949342e-01	0.000000e+00	
2088	1.950342e-01	0.000000e+00	
2089	1.951342e-01	0.000000e+00	
2090	1.952342e-01	0.000000e+00	
2091	1.953342e-01	0.000000e+00	
2092	1.954342e-01	0.000000e+00	
2093	1.955342e-01	0.000000e+00	
2094	1.956342e-01	0.000000e+00	
2095	1.957342e-01	0.000000e+00	
2096	1.958342e-01	0.000000e+00	
2097	1.959342e-01	0.000000e+00	
2098	1.960342e-01	0.000000e+00	
2099	1.961342e-01	0.000000e+00	
2100	1.962342e-01	0.000000e+00	
2101	1.963342e-01	0.000000e+00	
2102	1.964342e-01	0.000000e+00	
2103	1.965342e-01	0.000000e+00	
2104	1.966342e-01	0.000000e+00	
2105	1.967342e-01	0.000000e+00	
2106	1.968342e-01	0.000000e+00	
2107	1.969342e-01	0.000000e+00	
2108	1.970342e-01	0.000000e+00	
2109	1.971342e-01	0.000000e+00	
2110	1.972342e-01	0.000000e+00	
2111	1.973342e-01	0.000000e+00	
2112	1.974342e-01	0.000000e+00	
2113	1.975342e-01	0.000000e+00	
2114	1.976342e-01	0.000000e+00	
2115	1.977342e-01	0.000000e+00	
2116	1.978342e-01	0.000000e+00	
2117	1.979342e-01	0.000000e+00	
2118	1.980342e-01	0.000000e+00	
2119	1.981342e-01	0.000000e+00	
2120	1.982342e-01	0.000000e+00	
2121	1.983342e-01	0.000000e+00	
2122	1.984342e-01	0.000000e+00	
2123	1.985342e-01	0.000000e+00	
2124	1.986342e-01	0.000000e+00	
2125	1.987342e-01	0.000000e+00	
2126	1.988342e-01	0.000000e+00	
2127	1.989342e-01	0.000000e+00	
2128	1.990342e-01	0.000000e+00	
2129	1.991342e-01	0.000000e+00	
2130	1.992342e-01	0.000000e+00	
2131	1.993342e-01	0.000000e+00	
2132	1.994342e-01	0.000000e+00	
2133	1.995342e-01	0.000000e+00	
2134	1.996342e-01	0.000000e+00	
2135	1.997342e-01	0.000000e+00	
2136	1.998342e-01	0.000000e+00	
2137	1.999342e-01	0.000000e+00	
2138	2.000000e-01	0.000000e+00	
