         * /home/sumanto/desktop/verilog/esim/calculator/calculator.cir
         Transient Analysis  Mon Nov 29 21:17:40  2021
--------------------------------------------------------------------------------
Index   time            v1#branch       v2#branch       
--------------------------------------------------------------------------------
0	0.000000e+00	0.000000e+00	0.000000e+00	
1	2.000000e-12	0.000000e+00	0.000000e+00	
2	4.000000e-12	0.000000e+00	0.000000e+00	
3	8.000000e-12	0.000000e+00	0.000000e+00	
4	1.600000e-11	0.000000e+00	0.000000e+00	
5	3.200000e-11	0.000000e+00	0.000000e+00	
6	6.400000e-11	0.000000e+00	0.000000e+00	
7	1.280000e-10	0.000000e+00	0.000000e+00	
8	2.560000e-10	0.000000e+00	0.000000e+00	
9	5.120000e-10	0.000000e+00	0.000000e+00	
10	1.024000e-09	0.000000e+00	0.000000e+00	
11	2.048000e-09	0.000000e+00	0.000000e+00	
12	4.096000e-09	0.000000e+00	0.000000e+00	
13	8.192000e-09	0.000000e+00	0.000000e+00	
14	1.638400e-08	0.000000e+00	0.000000e+00	
15	3.276800e-08	0.000000e+00	0.000000e+00	
16	6.553600e-08	0.000000e+00	0.000000e+00	
17	1.310720e-07	0.000000e+00	0.000000e+00	
18	2.621440e-07	0.000000e+00	0.000000e+00	
19	5.242880e-07	0.000000e+00	0.000000e+00	
20	1.048576e-06	0.000000e+00	0.000000e+00	
21	2.097152e-06	0.000000e+00	0.000000e+00	
22	4.194304e-06	0.000000e+00	0.000000e+00	
23	8.388608e-06	0.000000e+00	0.000000e+00	
24	1.677722e-05	0.000000e+00	0.000000e+00	
25	3.355443e-05	0.000000e+00	0.000000e+00	
26	6.710886e-05	0.000000e+00	0.000000e+00	
27	1.342177e-04	0.000000e+00	0.000000e+00	
28	2.684355e-04	0.000000e+00	0.000000e+00	
29	5.368709e-04	0.000000e+00	0.000000e+00	
30	1.073742e-03	0.000000e+00	0.000000e+00	
31	2.147484e-03	0.000000e+00	0.000000e+00	
32	4.294967e-03	0.000000e+00	0.000000e+00	
33	8.589935e-03	0.000000e+00	0.000000e+00	
34	1.717987e-02	0.000000e+00	0.000000e+00	
35	3.435974e-02	0.000000e+00	0.000000e+00	
36	6.871948e-02	0.000000e+00	0.000000e+00	
37	1.374390e-01	0.000000e+00	0.000000e+00	
38	2.748779e-01	0.000000e+00	0.000000e+00	
39	5.497558e-01	0.000000e+00	0.000000e+00	
40	1.099512e+00	0.000000e+00	0.000000e+00	
41	2.099512e+00	0.000000e+00	0.000000e+00	
42	3.099512e+00	0.000000e+00	0.000000e+00	
43	4.099512e+00	0.000000e+00	0.000000e+00	
44	5.099512e+00	0.000000e+00	0.000000e+00	
45	6.099512e+00	0.000000e+00	0.000000e+00	
46	7.099512e+00	0.000000e+00	0.000000e+00	
47	8.099512e+00	0.000000e+00	0.000000e+00	
48	9.099512e+00	0.000000e+00	0.000000e+00	
49	1.009951e+01	0.000000e+00	0.000000e+00	
50	1.109951e+01	0.000000e+00	0.000000e+00	
51	1.209951e+01	0.000000e+00	0.000000e+00	
52	1.309951e+01	0.000000e+00	0.000000e+00	
53	1.409951e+01	0.000000e+00	0.000000e+00	
54	1.509951e+01	0.000000e+00	0.000000e+00	

Index   time            v1#branch       v2#branch       
--------------------------------------------------------------------------------
55	1.609951e+01	0.000000e+00	0.000000e+00	
56	1.709951e+01	0.000000e+00	0.000000e+00	
57	1.809951e+01	0.000000e+00	0.000000e+00	
58	1.909951e+01	0.000000e+00	0.000000e+00	
59	2.009951e+01	0.000000e+00	0.000000e+00	
60	2.109951e+01	0.000000e+00	0.000000e+00	
61	2.209951e+01	0.000000e+00	0.000000e+00	
62	2.309951e+01	0.000000e+00	0.000000e+00	
63	2.409951e+01	0.000000e+00	0.000000e+00	
64	2.509951e+01	0.000000e+00	0.000000e+00	
65	2.609951e+01	0.000000e+00	0.000000e+00	
66	2.709951e+01	0.000000e+00	0.000000e+00	
67	2.809951e+01	0.000000e+00	0.000000e+00	
68	2.909951e+01	0.000000e+00	0.000000e+00	
69	3.009951e+01	0.000000e+00	0.000000e+00	
70	3.109951e+01	0.000000e+00	0.000000e+00	
71	3.209951e+01	0.000000e+00	0.000000e+00	
72	3.309951e+01	0.000000e+00	0.000000e+00	
73	3.409951e+01	0.000000e+00	0.000000e+00	
74	3.509951e+01	0.000000e+00	0.000000e+00	
75	3.609951e+01	0.000000e+00	0.000000e+00	
76	3.709951e+01	0.000000e+00	0.000000e+00	
77	3.809951e+01	0.000000e+00	0.000000e+00	
78	3.909951e+01	0.000000e+00	0.000000e+00	
79	4.009951e+01	0.000000e+00	0.000000e+00	
80	4.109951e+01	0.000000e+00	0.000000e+00	
81	4.209951e+01	0.000000e+00	0.000000e+00	
82	4.309951e+01	0.000000e+00	0.000000e+00	
83	4.409951e+01	0.000000e+00	0.000000e+00	
84	4.509951e+01	0.000000e+00	0.000000e+00	
85	4.609951e+01	0.000000e+00	0.000000e+00	
86	4.709951e+01	0.000000e+00	0.000000e+00	
87	4.809951e+01	0.000000e+00	0.000000e+00	
88	4.909951e+01	0.000000e+00	0.000000e+00	
89	5.009951e+01	0.000000e+00	0.000000e+00	
90	5.109951e+01	0.000000e+00	0.000000e+00	
91	5.209951e+01	0.000000e+00	0.000000e+00	
92	5.309951e+01	0.000000e+00	0.000000e+00	
93	5.409951e+01	0.000000e+00	0.000000e+00	
94	5.509951e+01	0.000000e+00	0.000000e+00	
95	5.609951e+01	0.000000e+00	0.000000e+00	
96	5.709951e+01	0.000000e+00	0.000000e+00	
97	5.809951e+01	0.000000e+00	0.000000e+00	
98	5.909951e+01	0.000000e+00	0.000000e+00	
99	6.009951e+01	0.000000e+00	0.000000e+00	
100	6.109951e+01	0.000000e+00	0.000000e+00	
101	6.209951e+01	0.000000e+00	0.000000e+00	
102	6.309951e+01	0.000000e+00	0.000000e+00	
103	6.409951e+01	0.000000e+00	0.000000e+00	
104	6.509951e+01	0.000000e+00	0.000000e+00	
105	6.609951e+01	0.000000e+00	0.000000e+00	
106	6.709951e+01	0.000000e+00	0.000000e+00	
107	6.809951e+01	0.000000e+00	0.000000e+00	
108	6.909951e+01	0.000000e+00	0.000000e+00	
109	7.009951e+01	0.000000e+00	0.000000e+00	
110	7.109951e+01	0.000000e+00	0.000000e+00	
111	7.209951e+01	0.000000e+00	0.000000e+00	
112	7.309951e+01	0.000000e+00	0.000000e+00	

Index   time            v1#branch       v2#branch       
--------------------------------------------------------------------------------
113	7.409951e+01	0.000000e+00	0.000000e+00	
114	7.509951e+01	0.000000e+00	0.000000e+00	
115	7.609951e+01	0.000000e+00	0.000000e+00	
116	7.709951e+01	0.000000e+00	0.000000e+00	
117	7.809951e+01	0.000000e+00	0.000000e+00	
118	7.909951e+01	0.000000e+00	0.000000e+00	
119	8.009951e+01	0.000000e+00	0.000000e+00	
120	8.109951e+01	0.000000e+00	0.000000e+00	
121	8.209951e+01	0.000000e+00	0.000000e+00	
122	8.309951e+01	0.000000e+00	0.000000e+00	
123	8.409951e+01	0.000000e+00	0.000000e+00	
124	8.509951e+01	0.000000e+00	0.000000e+00	
125	8.609951e+01	0.000000e+00	0.000000e+00	
126	8.709951e+01	0.000000e+00	0.000000e+00	
127	8.809951e+01	0.000000e+00	0.000000e+00	
128	8.909951e+01	0.000000e+00	0.000000e+00	
129	9.009951e+01	0.000000e+00	0.000000e+00	
130	9.109951e+01	0.000000e+00	0.000000e+00	
131	9.209951e+01	0.000000e+00	0.000000e+00	
132	9.309951e+01	0.000000e+00	0.000000e+00	
133	9.409951e+01	0.000000e+00	0.000000e+00	
134	9.509951e+01	0.000000e+00	0.000000e+00	
135	9.609951e+01	0.000000e+00	0.000000e+00	
136	9.709951e+01	0.000000e+00	0.000000e+00	
137	9.809951e+01	0.000000e+00	0.000000e+00	
138	9.909951e+01	0.000000e+00	0.000000e+00	
139	1.000995e+02	0.000000e+00	0.000000e+00	
140	1.010995e+02	0.000000e+00	0.000000e+00	
141	1.020995e+02	0.000000e+00	0.000000e+00	
142	1.030995e+02	0.000000e+00	0.000000e+00	
143	1.040995e+02	0.000000e+00	0.000000e+00	
144	1.050995e+02	0.000000e+00	0.000000e+00	
145	1.060995e+02	0.000000e+00	0.000000e+00	
146	1.070995e+02	0.000000e+00	0.000000e+00	
147	1.080995e+02	0.000000e+00	0.000000e+00	
148	1.090995e+02	0.000000e+00	0.000000e+00	
149	1.100995e+02	0.000000e+00	0.000000e+00	
150	1.110995e+02	0.000000e+00	0.000000e+00	
151	1.120995e+02	0.000000e+00	0.000000e+00	
152	1.130995e+02	0.000000e+00	0.000000e+00	
153	1.140995e+02	0.000000e+00	0.000000e+00	
154	1.150995e+02	0.000000e+00	0.000000e+00	
155	1.160995e+02	0.000000e+00	0.000000e+00	
156	1.170995e+02	0.000000e+00	0.000000e+00	
157	1.180995e+02	0.000000e+00	0.000000e+00	
158	1.190995e+02	0.000000e+00	0.000000e+00	
159	1.200995e+02	0.000000e+00	0.000000e+00	
160	1.210995e+02	0.000000e+00	0.000000e+00	
161	1.220995e+02	0.000000e+00	0.000000e+00	
162	1.230995e+02	0.000000e+00	0.000000e+00	
163	1.240995e+02	0.000000e+00	0.000000e+00	
164	1.250995e+02	0.000000e+00	0.000000e+00	
165	1.260995e+02	0.000000e+00	0.000000e+00	
166	1.270995e+02	0.000000e+00	0.000000e+00	
167	1.280995e+02	0.000000e+00	0.000000e+00	
168	1.290995e+02	0.000000e+00	0.000000e+00	
169	1.300995e+02	0.000000e+00	0.000000e+00	
170	1.310995e+02	0.000000e+00	0.000000e+00	

Index   time            v1#branch       v2#branch       
--------------------------------------------------------------------------------
171	1.320995e+02	0.000000e+00	0.000000e+00	
172	1.330995e+02	0.000000e+00	0.000000e+00	
173	1.340995e+02	0.000000e+00	0.000000e+00	
174	1.350995e+02	0.000000e+00	0.000000e+00	
175	1.360995e+02	0.000000e+00	0.000000e+00	
176	1.370995e+02	0.000000e+00	0.000000e+00	
177	1.380995e+02	0.000000e+00	0.000000e+00	
178	1.390995e+02	0.000000e+00	0.000000e+00	
179	1.400995e+02	0.000000e+00	0.000000e+00	
180	1.410995e+02	0.000000e+00	0.000000e+00	
181	1.420995e+02	0.000000e+00	0.000000e+00	
182	1.430995e+02	0.000000e+00	0.000000e+00	
183	1.440995e+02	0.000000e+00	0.000000e+00	
184	1.450995e+02	0.000000e+00	0.000000e+00	
185	1.460995e+02	0.000000e+00	0.000000e+00	
186	1.470995e+02	0.000000e+00	0.000000e+00	
187	1.480995e+02	0.000000e+00	0.000000e+00	
188	1.490995e+02	0.000000e+00	0.000000e+00	
189	1.500995e+02	0.000000e+00	0.000000e+00	
190	1.510995e+02	0.000000e+00	0.000000e+00	
191	1.520995e+02	0.000000e+00	0.000000e+00	
192	1.530995e+02	0.000000e+00	0.000000e+00	
193	1.540995e+02	0.000000e+00	0.000000e+00	
194	1.550995e+02	0.000000e+00	0.000000e+00	
195	1.560995e+02	0.000000e+00	0.000000e+00	
196	1.570995e+02	0.000000e+00	0.000000e+00	
197	1.580995e+02	0.000000e+00	0.000000e+00	
198	1.590995e+02	0.000000e+00	0.000000e+00	
199	1.600995e+02	0.000000e+00	0.000000e+00	
200	1.610995e+02	0.000000e+00	0.000000e+00	
201	1.620995e+02	0.000000e+00	0.000000e+00	
202	1.630995e+02	0.000000e+00	0.000000e+00	
203	1.640995e+02	0.000000e+00	0.000000e+00	
204	1.650995e+02	0.000000e+00	0.000000e+00	
205	1.660995e+02	0.000000e+00	0.000000e+00	
206	1.670995e+02	0.000000e+00	0.000000e+00	
207	1.680995e+02	0.000000e+00	0.000000e+00	
208	1.690995e+02	0.000000e+00	0.000000e+00	
209	1.700995e+02	0.000000e+00	0.000000e+00	
210	1.710995e+02	0.000000e+00	0.000000e+00	
211	1.720995e+02	0.000000e+00	0.000000e+00	
212	1.730995e+02	0.000000e+00	0.000000e+00	
213	1.740995e+02	0.000000e+00	0.000000e+00	
214	1.750995e+02	0.000000e+00	0.000000e+00	
215	1.760995e+02	0.000000e+00	0.000000e+00	
216	1.770995e+02	0.000000e+00	0.000000e+00	
217	1.780995e+02	0.000000e+00	0.000000e+00	
218	1.790995e+02	0.000000e+00	0.000000e+00	
219	1.800995e+02	0.000000e+00	0.000000e+00	
220	1.810995e+02	0.000000e+00	0.000000e+00	
221	1.820995e+02	0.000000e+00	0.000000e+00	
222	1.830995e+02	0.000000e+00	0.000000e+00	
223	1.840995e+02	0.000000e+00	0.000000e+00	
224	1.850995e+02	0.000000e+00	0.000000e+00	
225	1.860995e+02	0.000000e+00	0.000000e+00	
226	1.870995e+02	0.000000e+00	0.000000e+00	
227	1.880995e+02	0.000000e+00	0.000000e+00	
228	1.890995e+02	0.000000e+00	0.000000e+00	

Index   time            v1#branch       v2#branch       
--------------------------------------------------------------------------------
229	1.900995e+02	0.000000e+00	0.000000e+00	
230	1.910995e+02	0.000000e+00	0.000000e+00	
231	1.920995e+02	0.000000e+00	0.000000e+00	
232	1.930995e+02	0.000000e+00	0.000000e+00	
233	1.940995e+02	0.000000e+00	0.000000e+00	
234	1.950995e+02	0.000000e+00	0.000000e+00	
235	1.960995e+02	0.000000e+00	0.000000e+00	
236	1.970995e+02	0.000000e+00	0.000000e+00	
237	1.980995e+02	0.000000e+00	0.000000e+00	
238	1.990995e+02	0.000000e+00	0.000000e+00	
239	2.000995e+02	0.000000e+00	0.000000e+00	
240	2.010995e+02	0.000000e+00	0.000000e+00	
241	2.020995e+02	0.000000e+00	0.000000e+00	
242	2.030995e+02	0.000000e+00	0.000000e+00	
243	2.040995e+02	0.000000e+00	0.000000e+00	
244	2.050995e+02	0.000000e+00	0.000000e+00	
245	2.060995e+02	0.000000e+00	0.000000e+00	
246	2.070995e+02	0.000000e+00	0.000000e+00	
247	2.080995e+02	0.000000e+00	0.000000e+00	
248	2.090995e+02	0.000000e+00	0.000000e+00	
249	2.100995e+02	0.000000e+00	0.000000e+00	
250	2.110995e+02	0.000000e+00	0.000000e+00	
251	2.120995e+02	0.000000e+00	0.000000e+00	
252	2.130995e+02	0.000000e+00	0.000000e+00	
253	2.140995e+02	0.000000e+00	0.000000e+00	
254	2.150995e+02	0.000000e+00	0.000000e+00	
255	2.160995e+02	0.000000e+00	0.000000e+00	
256	2.170995e+02	0.000000e+00	0.000000e+00	
257	2.180995e+02	0.000000e+00	0.000000e+00	
258	2.190995e+02	0.000000e+00	0.000000e+00	
259	2.200995e+02	0.000000e+00	0.000000e+00	
260	2.210995e+02	0.000000e+00	0.000000e+00	
261	2.220995e+02	0.000000e+00	0.000000e+00	
262	2.230995e+02	0.000000e+00	0.000000e+00	
263	2.240995e+02	0.000000e+00	0.000000e+00	
264	2.250995e+02	0.000000e+00	0.000000e+00	
265	2.260995e+02	0.000000e+00	0.000000e+00	
266	2.270995e+02	0.000000e+00	0.000000e+00	
267	2.280995e+02	0.000000e+00	0.000000e+00	
268	2.290995e+02	0.000000e+00	0.000000e+00	
269	2.300995e+02	0.000000e+00	0.000000e+00	
270	2.310995e+02	0.000000e+00	0.000000e+00	
271	2.320995e+02	0.000000e+00	0.000000e+00	
272	2.330995e+02	0.000000e+00	0.000000e+00	
273	2.340995e+02	0.000000e+00	0.000000e+00	
274	2.350995e+02	0.000000e+00	0.000000e+00	
275	2.360995e+02	0.000000e+00	0.000000e+00	
276	2.370995e+02	0.000000e+00	0.000000e+00	
277	2.380995e+02	0.000000e+00	0.000000e+00	
278	2.390995e+02	0.000000e+00	0.000000e+00	
279	2.400995e+02	0.000000e+00	0.000000e+00	
280	2.410995e+02	0.000000e+00	0.000000e+00	
281	2.420995e+02	0.000000e+00	0.000000e+00	
282	2.430995e+02	0.000000e+00	0.000000e+00	
283	2.440995e+02	0.000000e+00	0.000000e+00	
284	2.450995e+02	0.000000e+00	0.000000e+00	
285	2.460995e+02	0.000000e+00	0.000000e+00	
286	2.470995e+02	0.000000e+00	0.000000e+00	

Index   time            v1#branch       v2#branch       
--------------------------------------------------------------------------------
287	2.480995e+02	0.000000e+00	0.000000e+00	
288	2.490995e+02	0.000000e+00	0.000000e+00	
289	2.500995e+02	0.000000e+00	0.000000e+00	
290	2.510995e+02	0.000000e+00	0.000000e+00	
291	2.520995e+02	0.000000e+00	0.000000e+00	
292	2.530995e+02	0.000000e+00	0.000000e+00	
293	2.540995e+02	0.000000e+00	0.000000e+00	
294	2.550995e+02	0.000000e+00	0.000000e+00	
295	2.560995e+02	0.000000e+00	0.000000e+00	
296	2.570995e+02	0.000000e+00	0.000000e+00	
297	2.580995e+02	0.000000e+00	0.000000e+00	
298	2.590995e+02	0.000000e+00	0.000000e+00	
299	2.600995e+02	0.000000e+00	0.000000e+00	
300	2.610995e+02	0.000000e+00	0.000000e+00	
301	2.620995e+02	0.000000e+00	0.000000e+00	
302	2.630995e+02	0.000000e+00	0.000000e+00	
303	2.640995e+02	0.000000e+00	0.000000e+00	
304	2.650995e+02	0.000000e+00	0.000000e+00	
305	2.660995e+02	0.000000e+00	0.000000e+00	
306	2.670995e+02	0.000000e+00	0.000000e+00	
307	2.680995e+02	0.000000e+00	0.000000e+00	
308	2.690995e+02	0.000000e+00	0.000000e+00	
309	2.700995e+02	0.000000e+00	0.000000e+00	
310	2.710995e+02	0.000000e+00	0.000000e+00	
311	2.720995e+02	0.000000e+00	0.000000e+00	
312	2.730995e+02	0.000000e+00	0.000000e+00	
313	2.740995e+02	0.000000e+00	0.000000e+00	
314	2.750995e+02	0.000000e+00	0.000000e+00	
315	2.760995e+02	0.000000e+00	0.000000e+00	
316	2.770995e+02	0.000000e+00	0.000000e+00	
317	2.780995e+02	0.000000e+00	0.000000e+00	
318	2.790995e+02	0.000000e+00	0.000000e+00	
319	2.800995e+02	0.000000e+00	0.000000e+00	
320	2.810995e+02	0.000000e+00	0.000000e+00	
321	2.820995e+02	0.000000e+00	0.000000e+00	
322	2.830995e+02	0.000000e+00	0.000000e+00	
323	2.840995e+02	0.000000e+00	0.000000e+00	
324	2.850995e+02	0.000000e+00	0.000000e+00	
325	2.860995e+02	0.000000e+00	0.000000e+00	
326	2.870995e+02	0.000000e+00	0.000000e+00	
327	2.880995e+02	0.000000e+00	0.000000e+00	
328	2.890995e+02	0.000000e+00	0.000000e+00	
329	2.900995e+02	0.000000e+00	0.000000e+00	
330	2.910995e+02	0.000000e+00	0.000000e+00	
331	2.920995e+02	0.000000e+00	0.000000e+00	
332	2.930995e+02	0.000000e+00	0.000000e+00	
333	2.940995e+02	0.000000e+00	0.000000e+00	
334	2.950995e+02	0.000000e+00	0.000000e+00	
335	2.960995e+02	0.000000e+00	0.000000e+00	
336	2.970995e+02	0.000000e+00	0.000000e+00	
337	2.980995e+02	0.000000e+00	0.000000e+00	
338	2.990995e+02	0.000000e+00	0.000000e+00	
339	3.000995e+02	0.000000e+00	0.000000e+00	
340	3.010995e+02	0.000000e+00	0.000000e+00	
341	3.020995e+02	0.000000e+00	0.000000e+00	
342	3.030995e+02	0.000000e+00	0.000000e+00	
343	3.040995e+02	0.000000e+00	0.000000e+00	
344	3.050995e+02	0.000000e+00	0.000000e+00	

Index   time            v1#branch       v2#branch       
--------------------------------------------------------------------------------
345	3.060995e+02	0.000000e+00	0.000000e+00	
346	3.070995e+02	0.000000e+00	0.000000e+00	
347	3.080995e+02	0.000000e+00	0.000000e+00	
348	3.090995e+02	0.000000e+00	0.000000e+00	
349	3.100995e+02	0.000000e+00	0.000000e+00	
350	3.110995e+02	0.000000e+00	0.000000e+00	
351	3.120995e+02	0.000000e+00	0.000000e+00	
352	3.130995e+02	0.000000e+00	0.000000e+00	
353	3.140995e+02	0.000000e+00	0.000000e+00	
354	3.150995e+02	0.000000e+00	0.000000e+00	
355	3.160995e+02	0.000000e+00	0.000000e+00	
356	3.170995e+02	0.000000e+00	0.000000e+00	
357	3.180995e+02	0.000000e+00	0.000000e+00	
358	3.190995e+02	0.000000e+00	0.000000e+00	
359	3.200995e+02	0.000000e+00	0.000000e+00	
360	3.210995e+02	0.000000e+00	0.000000e+00	
361	3.220995e+02	0.000000e+00	0.000000e+00	
362	3.230995e+02	0.000000e+00	0.000000e+00	
363	3.240995e+02	0.000000e+00	0.000000e+00	
364	3.250995e+02	0.000000e+00	0.000000e+00	
365	3.260995e+02	0.000000e+00	0.000000e+00	
366	3.270995e+02	0.000000e+00	0.000000e+00	
367	3.280995e+02	0.000000e+00	0.000000e+00	
368	3.290995e+02	0.000000e+00	0.000000e+00	
369	3.300995e+02	0.000000e+00	0.000000e+00	
370	3.310995e+02	0.000000e+00	0.000000e+00	
371	3.320995e+02	0.000000e+00	0.000000e+00	
372	3.330995e+02	0.000000e+00	0.000000e+00	
373	3.340995e+02	0.000000e+00	0.000000e+00	
374	3.350995e+02	0.000000e+00	0.000000e+00	
375	3.360995e+02	0.000000e+00	0.000000e+00	
376	3.370995e+02	0.000000e+00	0.000000e+00	
377	3.380995e+02	0.000000e+00	0.000000e+00	
378	3.390995e+02	0.000000e+00	0.000000e+00	
379	3.400995e+02	0.000000e+00	0.000000e+00	
380	3.410995e+02	0.000000e+00	0.000000e+00	
381	3.420995e+02	0.000000e+00	0.000000e+00	
382	3.430995e+02	0.000000e+00	0.000000e+00	
383	3.440995e+02	0.000000e+00	0.000000e+00	
384	3.450995e+02	0.000000e+00	0.000000e+00	
385	3.460995e+02	0.000000e+00	0.000000e+00	
386	3.470995e+02	0.000000e+00	0.000000e+00	
387	3.480995e+02	0.000000e+00	0.000000e+00	
388	3.490995e+02	0.000000e+00	0.000000e+00	
389	3.500995e+02	0.000000e+00	0.000000e+00	
390	3.510995e+02	0.000000e+00	0.000000e+00	
391	3.520995e+02	0.000000e+00	0.000000e+00	
392	3.530995e+02	0.000000e+00	0.000000e+00	
393	3.540995e+02	0.000000e+00	0.000000e+00	
394	3.550995e+02	0.000000e+00	0.000000e+00	
395	3.560995e+02	0.000000e+00	0.000000e+00	
396	3.570995e+02	0.000000e+00	0.000000e+00	
397	3.580995e+02	0.000000e+00	0.000000e+00	
398	3.590995e+02	0.000000e+00	0.000000e+00	
399	3.600995e+02	0.000000e+00	0.000000e+00	
400	3.610995e+02	0.000000e+00	0.000000e+00	
401	3.620995e+02	0.000000e+00	0.000000e+00	
402	3.630995e+02	0.000000e+00	0.000000e+00	

Index   time            v1#branch       v2#branch       
--------------------------------------------------------------------------------
403	3.640995e+02	0.000000e+00	0.000000e+00	
404	3.650995e+02	0.000000e+00	0.000000e+00	
405	3.660995e+02	0.000000e+00	0.000000e+00	
406	3.670995e+02	0.000000e+00	0.000000e+00	
407	3.680995e+02	0.000000e+00	0.000000e+00	
408	3.690995e+02	0.000000e+00	0.000000e+00	
409	3.700995e+02	0.000000e+00	0.000000e+00	
410	3.710995e+02	0.000000e+00	0.000000e+00	
411	3.720995e+02	0.000000e+00	0.000000e+00	
412	3.730995e+02	0.000000e+00	0.000000e+00	
413	3.740995e+02	0.000000e+00	0.000000e+00	
414	3.750995e+02	0.000000e+00	0.000000e+00	
415	3.760995e+02	0.000000e+00	0.000000e+00	
416	3.770995e+02	0.000000e+00	0.000000e+00	
417	3.780995e+02	0.000000e+00	0.000000e+00	
418	3.790995e+02	0.000000e+00	0.000000e+00	
419	3.800995e+02	0.000000e+00	0.000000e+00	
420	3.810995e+02	0.000000e+00	0.000000e+00	
421	3.820995e+02	0.000000e+00	0.000000e+00	
422	3.830995e+02	0.000000e+00	0.000000e+00	
423	3.840995e+02	0.000000e+00	0.000000e+00	
424	3.850995e+02	0.000000e+00	0.000000e+00	
425	3.860995e+02	0.000000e+00	0.000000e+00	
426	3.870995e+02	0.000000e+00	0.000000e+00	
427	3.880995e+02	0.000000e+00	0.000000e+00	
428	3.890995e+02	0.000000e+00	0.000000e+00	
429	3.900995e+02	0.000000e+00	0.000000e+00	
430	3.910995e+02	0.000000e+00	0.000000e+00	
431	3.920995e+02	0.000000e+00	0.000000e+00	
432	3.930995e+02	0.000000e+00	0.000000e+00	
433	3.940995e+02	0.000000e+00	0.000000e+00	
434	3.950995e+02	0.000000e+00	0.000000e+00	
435	3.960995e+02	0.000000e+00	0.000000e+00	
436	3.970995e+02	0.000000e+00	0.000000e+00	
437	3.980995e+02	0.000000e+00	0.000000e+00	
438	3.990995e+02	0.000000e+00	0.000000e+00	
439	4.000995e+02	0.000000e+00	0.000000e+00	
440	4.010995e+02	0.000000e+00	0.000000e+00	
441	4.020995e+02	0.000000e+00	0.000000e+00	
442	4.030995e+02	0.000000e+00	0.000000e+00	
443	4.040995e+02	0.000000e+00	0.000000e+00	
444	4.050995e+02	0.000000e+00	0.000000e+00	
445	4.060995e+02	0.000000e+00	0.000000e+00	
446	4.070995e+02	0.000000e+00	0.000000e+00	
447	4.080995e+02	0.000000e+00	0.000000e+00	
448	4.090995e+02	0.000000e+00	0.000000e+00	
449	4.100995e+02	0.000000e+00	0.000000e+00	
450	4.110995e+02	0.000000e+00	0.000000e+00	
451	4.120995e+02	0.000000e+00	0.000000e+00	
452	4.130995e+02	0.000000e+00	0.000000e+00	
453	4.140995e+02	0.000000e+00	0.000000e+00	
454	4.150995e+02	0.000000e+00	0.000000e+00	
455	4.160995e+02	0.000000e+00	0.000000e+00	
456	4.170995e+02	0.000000e+00	0.000000e+00	
457	4.180995e+02	0.000000e+00	0.000000e+00	
458	4.190995e+02	0.000000e+00	0.000000e+00	
459	4.200995e+02	0.000000e+00	0.000000e+00	
460	4.210995e+02	0.000000e+00	0.000000e+00	

Index   time            v1#branch       v2#branch       
--------------------------------------------------------------------------------
461	4.220995e+02	0.000000e+00	0.000000e+00	
462	4.230995e+02	0.000000e+00	0.000000e+00	
463	4.240995e+02	0.000000e+00	0.000000e+00	
464	4.250995e+02	0.000000e+00	0.000000e+00	
465	4.260995e+02	0.000000e+00	0.000000e+00	
466	4.270995e+02	0.000000e+00	0.000000e+00	
467	4.280995e+02	0.000000e+00	0.000000e+00	
468	4.290995e+02	0.000000e+00	0.000000e+00	
469	4.300995e+02	0.000000e+00	0.000000e+00	
470	4.310995e+02	0.000000e+00	0.000000e+00	
471	4.320995e+02	0.000000e+00	0.000000e+00	
472	4.330995e+02	0.000000e+00	0.000000e+00	
473	4.340995e+02	0.000000e+00	0.000000e+00	
474	4.350995e+02	0.000000e+00	0.000000e+00	
475	4.360995e+02	0.000000e+00	0.000000e+00	
476	4.370995e+02	0.000000e+00	0.000000e+00	
477	4.380995e+02	0.000000e+00	0.000000e+00	
478	4.390995e+02	0.000000e+00	0.000000e+00	
479	4.400995e+02	0.000000e+00	0.000000e+00	
480	4.410995e+02	0.000000e+00	0.000000e+00	
481	4.420995e+02	0.000000e+00	0.000000e+00	
482	4.430995e+02	0.000000e+00	0.000000e+00	
483	4.440995e+02	0.000000e+00	0.000000e+00	
484	4.450995e+02	0.000000e+00	0.000000e+00	
485	4.460995e+02	0.000000e+00	0.000000e+00	
486	4.470995e+02	0.000000e+00	0.000000e+00	
487	4.480995e+02	0.000000e+00	0.000000e+00	
488	4.490995e+02	0.000000e+00	0.000000e+00	
489	4.500995e+02	0.000000e+00	0.000000e+00	
490	4.510995e+02	0.000000e+00	0.000000e+00	
491	4.520995e+02	0.000000e+00	0.000000e+00	
492	4.530995e+02	0.000000e+00	0.000000e+00	
493	4.540995e+02	0.000000e+00	0.000000e+00	
494	4.550995e+02	0.000000e+00	0.000000e+00	
495	4.560995e+02	0.000000e+00	0.000000e+00	
496	4.570995e+02	0.000000e+00	0.000000e+00	
497	4.580995e+02	0.000000e+00	0.000000e+00	
498	4.590995e+02	0.000000e+00	0.000000e+00	
499	4.600995e+02	0.000000e+00	0.000000e+00	
500	4.610995e+02	0.000000e+00	0.000000e+00	
501	4.620995e+02	0.000000e+00	0.000000e+00	
502	4.630995e+02	0.000000e+00	0.000000e+00	
503	4.640995e+02	0.000000e+00	0.000000e+00	
504	4.650995e+02	0.000000e+00	0.000000e+00	
505	4.660995e+02	0.000000e+00	0.000000e+00	
506	4.670995e+02	0.000000e+00	0.000000e+00	
507	4.680995e+02	0.000000e+00	0.000000e+00	
508	4.690995e+02	0.000000e+00	0.000000e+00	
509	4.700995e+02	0.000000e+00	0.000000e+00	
510	4.710995e+02	0.000000e+00	0.000000e+00	
511	4.720995e+02	0.000000e+00	0.000000e+00	
512	4.730995e+02	0.000000e+00	0.000000e+00	
513	4.740995e+02	0.000000e+00	0.000000e+00	
514	4.750995e+02	0.000000e+00	0.000000e+00	
515	4.760995e+02	0.000000e+00	0.000000e+00	
516	4.770995e+02	0.000000e+00	0.000000e+00	
517	4.780995e+02	0.000000e+00	0.000000e+00	
518	4.790995e+02	0.000000e+00	0.000000e+00	

Index   time            v1#branch       v2#branch       
--------------------------------------------------------------------------------
519	4.800995e+02	0.000000e+00	0.000000e+00	
520	4.810995e+02	0.000000e+00	0.000000e+00	
521	4.820995e+02	0.000000e+00	0.000000e+00	
522	4.830995e+02	0.000000e+00	0.000000e+00	
523	4.840995e+02	0.000000e+00	0.000000e+00	
524	4.850995e+02	0.000000e+00	0.000000e+00	
525	4.860995e+02	0.000000e+00	0.000000e+00	
526	4.870995e+02	0.000000e+00	0.000000e+00	
527	4.880995e+02	0.000000e+00	0.000000e+00	
528	4.890995e+02	0.000000e+00	0.000000e+00	
529	4.900995e+02	0.000000e+00	0.000000e+00	
530	4.910995e+02	0.000000e+00	0.000000e+00	
531	4.920995e+02	0.000000e+00	0.000000e+00	
532	4.930995e+02	0.000000e+00	0.000000e+00	
533	4.940995e+02	0.000000e+00	0.000000e+00	
534	4.950995e+02	0.000000e+00	0.000000e+00	
535	4.960995e+02	0.000000e+00	0.000000e+00	
536	4.970995e+02	0.000000e+00	0.000000e+00	
537	4.980995e+02	0.000000e+00	0.000000e+00	
538	4.990995e+02	0.000000e+00	0.000000e+00	
539	5.000995e+02	0.000000e+00	0.000000e+00	
540	5.010995e+02	0.000000e+00	0.000000e+00	
541	5.020995e+02	0.000000e+00	0.000000e+00	
542	5.030995e+02	0.000000e+00	0.000000e+00	
543	5.040995e+02	0.000000e+00	0.000000e+00	
544	5.050995e+02	0.000000e+00	0.000000e+00	
545	5.060995e+02	0.000000e+00	0.000000e+00	
546	5.070995e+02	0.000000e+00	0.000000e+00	
547	5.080995e+02	0.000000e+00	0.000000e+00	
548	5.090995e+02	0.000000e+00	0.000000e+00	
549	5.100995e+02	0.000000e+00	0.000000e+00	
550	5.110995e+02	0.000000e+00	0.000000e+00	
551	5.120995e+02	0.000000e+00	0.000000e+00	
552	5.130995e+02	0.000000e+00	0.000000e+00	
553	5.140995e+02	0.000000e+00	0.000000e+00	
554	5.150995e+02	0.000000e+00	0.000000e+00	
555	5.160995e+02	0.000000e+00	0.000000e+00	
556	5.170995e+02	0.000000e+00	0.000000e+00	
557	5.180995e+02	0.000000e+00	0.000000e+00	
558	5.190995e+02	0.000000e+00	0.000000e+00	
559	5.200995e+02	0.000000e+00	0.000000e+00	
560	5.210995e+02	0.000000e+00	0.000000e+00	
561	5.220995e+02	0.000000e+00	0.000000e+00	
562	5.230995e+02	0.000000e+00	0.000000e+00	
563	5.240995e+02	0.000000e+00	0.000000e+00	
564	5.250995e+02	0.000000e+00	0.000000e+00	
565	5.260995e+02	0.000000e+00	0.000000e+00	
566	5.270995e+02	0.000000e+00	0.000000e+00	
567	5.280995e+02	0.000000e+00	0.000000e+00	
568	5.290995e+02	0.000000e+00	0.000000e+00	
569	5.300995e+02	0.000000e+00	0.000000e+00	
570	5.310995e+02	0.000000e+00	0.000000e+00	
571	5.320995e+02	0.000000e+00	0.000000e+00	
572	5.330995e+02	0.000000e+00	0.000000e+00	
573	5.340995e+02	0.000000e+00	0.000000e+00	
574	5.350995e+02	0.000000e+00	0.000000e+00	
575	5.360995e+02	0.000000e+00	0.000000e+00	
576	5.370995e+02	0.000000e+00	0.000000e+00	

Index   time            v1#branch       v2#branch       
--------------------------------------------------------------------------------
577	5.380995e+02	0.000000e+00	0.000000e+00	
578	5.390995e+02	0.000000e+00	0.000000e+00	
579	5.400995e+02	0.000000e+00	0.000000e+00	
580	5.410995e+02	0.000000e+00	0.000000e+00	
581	5.420995e+02	0.000000e+00	0.000000e+00	
582	5.430995e+02	0.000000e+00	0.000000e+00	
583	5.440995e+02	0.000000e+00	0.000000e+00	
584	5.450995e+02	0.000000e+00	0.000000e+00	
585	5.460995e+02	0.000000e+00	0.000000e+00	
586	5.470995e+02	0.000000e+00	0.000000e+00	
587	5.480995e+02	0.000000e+00	0.000000e+00	
588	5.490995e+02	0.000000e+00	0.000000e+00	
589	5.500995e+02	0.000000e+00	0.000000e+00	
590	5.510995e+02	0.000000e+00	0.000000e+00	
591	5.520995e+02	0.000000e+00	0.000000e+00	
592	5.530995e+02	0.000000e+00	0.000000e+00	
593	5.540995e+02	0.000000e+00	0.000000e+00	
594	5.550995e+02	0.000000e+00	0.000000e+00	
595	5.560995e+02	0.000000e+00	0.000000e+00	
596	5.570995e+02	0.000000e+00	0.000000e+00	
597	5.580995e+02	0.000000e+00	0.000000e+00	
598	5.590995e+02	0.000000e+00	0.000000e+00	
599	5.600995e+02	0.000000e+00	0.000000e+00	
600	5.610995e+02	0.000000e+00	0.000000e+00	
601	5.620995e+02	0.000000e+00	0.000000e+00	
602	5.630995e+02	0.000000e+00	0.000000e+00	
603	5.640995e+02	0.000000e+00	0.000000e+00	
604	5.650995e+02	0.000000e+00	0.000000e+00	
605	5.660995e+02	0.000000e+00	0.000000e+00	
606	5.670995e+02	0.000000e+00	0.000000e+00	
607	5.680995e+02	0.000000e+00	0.000000e+00	
608	5.690995e+02	0.000000e+00	0.000000e+00	
609	5.700995e+02	0.000000e+00	0.000000e+00	
610	5.710995e+02	0.000000e+00	0.000000e+00	
611	5.720995e+02	0.000000e+00	0.000000e+00	
612	5.730995e+02	0.000000e+00	0.000000e+00	
613	5.740995e+02	0.000000e+00	0.000000e+00	
614	5.750995e+02	0.000000e+00	0.000000e+00	
615	5.760995e+02	0.000000e+00	0.000000e+00	
616	5.770995e+02	0.000000e+00	0.000000e+00	
617	5.780995e+02	0.000000e+00	0.000000e+00	
618	5.790995e+02	0.000000e+00	0.000000e+00	
619	5.800995e+02	0.000000e+00	0.000000e+00	
620	5.810995e+02	0.000000e+00	0.000000e+00	
621	5.820995e+02	0.000000e+00	0.000000e+00	
622	5.830995e+02	0.000000e+00	0.000000e+00	
623	5.840995e+02	0.000000e+00	0.000000e+00	
624	5.850995e+02	0.000000e+00	0.000000e+00	
625	5.860995e+02	0.000000e+00	0.000000e+00	
626	5.870995e+02	0.000000e+00	0.000000e+00	
627	5.880995e+02	0.000000e+00	0.000000e+00	
628	5.890995e+02	0.000000e+00	0.000000e+00	
629	5.900995e+02	0.000000e+00	0.000000e+00	
630	5.910995e+02	0.000000e+00	0.000000e+00	
631	5.920995e+02	0.000000e+00	0.000000e+00	
632	5.930995e+02	0.000000e+00	0.000000e+00	
633	5.940995e+02	0.000000e+00	0.000000e+00	
634	5.950995e+02	0.000000e+00	0.000000e+00	

Index   time            v1#branch       v2#branch       
--------------------------------------------------------------------------------
635	5.960995e+02	0.000000e+00	0.000000e+00	
636	5.970995e+02	0.000000e+00	0.000000e+00	
637	5.980995e+02	0.000000e+00	0.000000e+00	
638	5.990995e+02	0.000000e+00	0.000000e+00	
639	6.000000e+02	0.000000e+00	0.000000e+00	
