* /home/sumanto/esim-2.1/examples/mixed_signal/pwm_decremental/pwm_decremental.cir
Transient Analysis  Sat Dec 18 14:59:47  2021
--------------------------------------------------------------------------------
Index   time            a1#branch_1_0   v1#branch       v2#branch       
--------------------------------------------------------------------------------
0	0.000000e+00	9.441619e-12	-2.43560e-07	-4.76522e-04	
1	1.000000e-07	9.441619e-12	-2.43560e-07	-4.76522e-04	
2	2.000000e-07	9.441619e-12	-2.43560e-07	-4.76522e-04	
3	4.000000e-07	9.441619e-12	-2.43560e-07	-4.76522e-04	
4	8.000000e-07	9.441619e-12	-2.43560e-07	-4.76522e-04	
5	1.600000e-06	9.441619e-12	-2.43560e-07	-4.76522e-04	
6	3.200000e-06	9.441619e-12	-2.43560e-07	-4.76522e-04	
7	6.400000e-06	9.441619e-12	-2.43560e-07	-4.76522e-04	
8	1.000000e-05	9.441619e-12	-2.43560e-07	-4.76522e-04	
9	1.064000e-05	9.441619e-12	-2.43560e-07	-4.76522e-04	
10	1.192000e-05	9.441619e-12	-2.43560e-07	-4.76522e-04	
11	1.448000e-05	9.441619e-12	-2.43560e-07	-4.76522e-04	
12	1.448200e-05	9.441619e-12	-2.43560e-07	-4.76522e-04	
13	1.448200e-05	-2.49655e-05	-2.43560e-07	-4.76522e-04	
14	1.448201e-05	-7.48964e-05	-2.43560e-07	-4.76522e-04	
15	1.448203e-05	-1.63843e-04	-2.43560e-07	-4.76522e-04	
16	1.448205e-05	-2.53746e-04	-2.43560e-07	-4.76522e-04	
17	1.448209e-05	-4.33552e-04	-2.43559e-07	-4.76522e-04	
18	1.448216e-05	-7.93164e-04	-2.43556e-07	-4.76522e-04	
19	1.448230e-05	-1.51239e-03	-2.43542e-07	-4.76522e-04	
20	1.448259e-05	-2.95083e-03	-2.43495e-07	-4.76522e-04	
21	1.448300e-05	-5.00000e-03	-2.43408e-07	-4.76521e-04	
22	1.448304e-05	-5.00000e-03	-2.43399e-07	-4.76521e-04	
23	1.448313e-05	-5.00000e-03	-2.43382e-07	-4.76521e-04	
24	1.448331e-05	-5.00000e-03	-2.43360e-07	-4.76521e-04	
25	1.448367e-05	-4.99999e-03	-2.43349e-07	-4.76521e-04	
26	1.448437e-05	-4.99999e-03	-2.43382e-07	-4.76521e-04	
27	1.448579e-05	-4.99998e-03	-2.43466e-07	-4.76521e-04	
28	1.448863e-05	-4.99997e-03	-2.43576e-07	-4.76520e-04	
29	1.449431e-05	-4.99994e-03	-2.43636e-07	-4.76520e-04	
30	1.450566e-05	-4.99988e-03	-2.43581e-07	-4.76521e-04	
31	1.452837e-05	-4.99977e-03	-2.43557e-07	-4.76521e-04	
32	1.457379e-05	-4.99954e-03	-2.43574e-07	-4.76521e-04	
33	1.466462e-05	-4.99909e-03	-2.43554e-07	-4.76521e-04	
34	1.484629e-05	-4.99818e-03	-2.43575e-07	-4.76521e-04	
35	1.520962e-05	-4.99637e-03	-2.43555e-07	-4.76521e-04	
36	1.593628e-05	-4.99274e-03	-2.43575e-07	-4.76521e-04	
37	1.738961e-05	-4.98549e-03	-2.43555e-07	-4.76521e-04	
38	2.000000e-05	-4.97249e-03	-2.43574e-07	-4.76521e-04	
39	2.029067e-05	-4.97104e-03	-2.43565e-07	-4.76521e-04	
40	2.087200e-05	-4.96815e-03	-2.43564e-07	-4.76521e-04	
41	2.203466e-05	-4.96238e-03	-2.43565e-07	-4.76521e-04	
42	2.435998e-05	-4.95086e-03	-2.43564e-07	-4.76521e-04	
43	2.901063e-05	-4.92788e-03	-2.43565e-07	-4.76521e-04	
44	3.831193e-05	-4.88226e-03	-2.43564e-07	-4.76521e-04	
45	5.691453e-05	-4.79228e-03	-2.43564e-07	-4.76521e-04	
46	9.411973e-05	-4.61723e-03	-2.43564e-07	-4.76521e-04	
47	1.541197e-04	-4.34827e-03	-2.43564e-07	-4.76521e-04	
48	2.141197e-04	-4.09497e-03	-2.43563e-07	-4.76521e-04	
49	2.741197e-04	-3.85643e-03	-2.43563e-07	-4.76521e-04	
50	3.341197e-04	-3.63178e-03	-2.43562e-07	-4.76521e-04	
51	3.941197e-04	-3.42022e-03	-2.43562e-07	-4.76521e-04	
52	4.541197e-04	-3.22099e-03	-2.43562e-07	-4.76521e-04	
53	5.141197e-04	-3.03336e-03	-2.43562e-07	-4.76521e-04	
54	5.200000e-04	-3.01557e-03	-2.43562e-07	-4.76521e-04	

Index   time            a1#branch_1_0   v1#branch       v2#branch       
--------------------------------------------------------------------------------
55	5.220000e-04	-3.00955e-03	-2.43562e-07	-4.76521e-04	
56	5.260000e-04	-2.99754e-03	-2.43562e-07	-4.76521e-04	
57	5.340000e-04	-2.97365e-03	-2.43562e-07	-4.76521e-04	
58	5.400000e-04	-2.95587e-03	-2.43563e-07	-4.76521e-04	
59	5.416000e-04	-2.95114e-03	-2.43563e-07	-4.76521e-04	
60	5.448000e-04	-2.94172e-03	-2.43563e-07	-4.76521e-04	
61	5.512000e-04	-2.92295e-03	-2.43564e-07	-4.76521e-04	
62	5.640000e-04	-2.88577e-03	-2.43565e-07	-4.76522e-04	
63	5.896000e-04	-2.81283e-03	-2.43566e-07	-4.76522e-04	
64	6.165644e-04	-2.73799e-03	-2.43566e-07	-4.76522e-04	
65	6.506060e-04	-2.64635e-03	-2.43566e-07	-4.76522e-04	
66	6.917277e-04	-2.53972e-03	-2.43563e-07	-4.76522e-04	
67	7.273129e-04	-2.45092e-03	-2.43528e-07	-4.76520e-04	
68	7.699810e-04	-2.34853e-03	-2.43310e-07	-4.76514e-04	
69	8.088161e-04	-2.25906e-03	-2.42098e-07	-4.76482e-04	
70	8.525689e-04	-2.16234e-03	-2.34433e-07	-4.76287e-04	
71	8.776755e-04	-2.10872e-03	-2.19576e-07	-4.75914e-04	
72	9.004259e-04	-2.06129e-03	-1.91857e-07	-4.75217e-04	
73	9.111719e-04	-2.03926e-03	-1.72731e-07	-4.74721e-04	
74	9.208485e-04	-2.01962e-03	-1.52964e-07	-4.74199e-04	
75	9.252874e-04	-2.01068e-03	-1.43242e-07	-4.73882e-04	
76	9.280424e-04	-2.00514e-03	-1.37170e-07	-4.73641e-04	
77	9.299974e-04	-2.00123e-03	-1.32749e-07	-4.73378e-04	
78	9.317850e-04	-1.99765e-03	-1.28763e-07	-4.73016e-04	
79	9.337181e-04	-1.99380e-03	-1.24361e-07	-4.72467e-04	
80	9.357212e-04	-1.98981e-03	-1.19897e-07	-4.71837e-04	
81	9.366726e-04	-1.98792e-03	-1.17738e-07	-4.71549e-04	
82	9.372799e-04	-1.98671e-03	-1.16416e-07	-4.71389e-04	
83	9.376617e-04	-1.98595e-03	-1.15547e-07	-4.71329e-04	
84	9.379419e-04	-1.98539e-03	-1.14937e-07	-4.71327e-04	
85	9.382660e-04	-1.98475e-03	-1.14219e-07	-4.71398e-04	
86	9.386012e-04	-1.98409e-03	-1.13472e-07	-4.71559e-04	
87	9.392476e-04	-1.98280e-03	-1.12064e-07	-4.72077e-04	
88	9.399463e-04	-1.98142e-03	-1.10518e-07	-4.72871e-04	
89	9.410536e-04	-1.97923e-03	-1.08129e-07	-4.74458e-04	
90	9.421353e-04	-1.97709e-03	-1.05775e-07	-4.76316e-04	
91	9.427290e-04	-1.97591e-03	-1.04527e-07	-4.77494e-04	
92	9.431074e-04	-1.97517e-03	-1.03695e-07	-4.78476e-04	
93	9.433500e-04	-1.97469e-03	-1.03212e-07	-4.79534e-04	
94	9.435405e-04	-1.97431e-03	-1.02778e-07	-4.81077e-04	
95	9.437075e-04	-1.97398e-03	-1.02471e-07	-4.83653e-04	
96	9.438637e-04	-1.97367e-03	-1.02119e-07	-4.88149e-04	
97	9.440159e-04	-1.97337e-03	-1.01858e-07	-4.96035e-04	
98	9.441782e-04	-1.97305e-03	-1.01520e-07	-5.10561e-04	
99	9.442525e-04	-1.97291e-03	-1.01422e-07	-5.20237e-04	
100	9.443129e-04	-1.97279e-03	-1.01301e-07	-5.30249e-04	
101	9.443776e-04	-1.97266e-03	-1.01064e-07	-5.43158e-04	
102	9.444238e-04	-1.97257e-03	-1.00988e-07	-5.53609e-04	
103	9.444793e-04	-1.97246e-03	-1.00899e-07	-5.68565e-04	
104	9.445337e-04	-1.97235e-03	-1.00797e-07	-5.83124e-04	
105	9.445977e-04	-1.97222e-03	-1.00852e-07	-6.04324e-04	
106	9.446893e-04	-1.97204e-03	-1.00324e-07	-6.36390e-04	
107	9.447895e-04	-1.97185e-03	-1.00661e-07	-6.76458e-04	
108	9.449432e-04	-1.97154e-03	-9.97398e-08	-7.39070e-04	
109	9.451291e-04	-1.97118e-03	-1.00195e-07	-8.10575e-04	
110	9.452869e-04	-1.97087e-03	-9.92283e-08	-8.49710e-04	
111	9.454071e-04	-1.97063e-03	-9.96913e-08	-8.61997e-04	
112	9.455513e-04	-1.97034e-03	-9.84483e-08	-8.67404e-04	

Index   time            a1#branch_1_0   v1#branch       v2#branch       
--------------------------------------------------------------------------------
113	9.456353e-04	-1.97018e-03	-9.93479e-08	-8.69455e-04	
114	9.457488e-04	-1.96996e-03	-9.78745e-08	-8.70161e-04	
115	9.458686e-04	-1.96972e-03	-9.89502e-08	-8.71434e-04	
116	9.460120e-04	-1.96944e-03	-9.72600e-08	-8.71379e-04	
117	9.461771e-04	-1.96911e-03	-9.83335e-08	-8.72160e-04	
118	9.463944e-04	-1.96868e-03	-9.64448e-08	-8.71918e-04	
119	9.466672e-04	-1.96815e-03	-9.73118e-08	-8.72602e-04	
120	9.470780e-04	-1.96734e-03	-9.50217e-08	-8.72468e-04	
121	9.476698e-04	-1.96618e-03	-9.52280e-08	-8.73389e-04	
122	9.487649e-04	-1.96402e-03	-9.15501e-08	-8.73903e-04	
123	9.502617e-04	-1.96109e-03	-8.99463e-08	-8.75779e-04	
124	9.527253e-04	-1.95626e-03	-8.36473e-08	-8.77972e-04	
125	9.564099e-04	-1.94907e-03	-7.80717e-08	-8.82911e-04	
126	9.629184e-04	-1.93642e-03	-6.52075e-08	-8.91844e-04	
127	9.742891e-04	-1.91453e-03	-4.96672e-08	-9.12389e-04	
128	9.845339e-04	-1.89502e-03	-3.61868e-08	-9.33275e-04	
129	9.897695e-04	-1.88513e-03	-3.25163e-08	-9.45604e-04	
130	9.925519e-04	-1.87989e-03	-2.86586e-08	-9.51599e-04	
131	9.942079e-04	-1.87678e-03	-2.87050e-08	-9.56005e-04	
132	9.949082e-04	-1.87547e-03	-2.67360e-08	-9.57166e-04	
133	9.952185e-04	-1.87488e-03	-2.78125e-08	-9.58225e-04	
134	9.953437e-04	-1.87465e-03	-2.53973e-08	-9.57057e-04	
135	9.954234e-04	-1.87450e-03	-2.85087e-08	-9.57283e-04	
136	9.955017e-04	-1.87435e-03	-2.57126e-08	-9.56747e-04	
137	9.955562e-04	-1.87425e-03	-2.78586e-08	-9.56932e-04	
138	9.956227e-04	-1.87413e-03	-2.69632e-08	-9.56785e-04	
139	9.957030e-04	-1.87398e-03	-2.62178e-08	-9.56807e-04	
140	9.957963e-04	-1.87380e-03	-2.81805e-08	-9.56795e-04	
141	9.958994e-04	-1.87361e-03	-2.47840e-08	-9.56781e-04	
142	9.960455e-04	-1.87333e-03	-2.88844e-08	-9.56798e-04	
143	9.962091e-04	-1.87303e-03	-2.38381e-08	-9.56778e-04	
144	9.964774e-04	-1.87252e-03	-2.90062e-08	-9.56794e-04	
145	9.967630e-04	-1.87199e-03	-2.30845e-08	-9.56771e-04	
146	9.971935e-04	-1.87118e-03	-2.87028e-08	-9.56780e-04	
147	9.976303e-04	-1.87037e-03	-2.22553e-08	-9.56755e-04	
148	9.984025e-04	-1.86892e-03	-2.79476e-08	-9.56755e-04	
149	9.994019e-04	-1.86706e-03	-2.08988e-08	-9.56720e-04	
150	1.001401e-03	-1.86333e-03	-2.59191e-08	-9.56693e-04	
151	1.005398e-03	-1.85590e-03	-1.69922e-08	-9.56598e-04	
152	1.010000e-03	-1.84738e-03	-2.08451e-08	-9.56516e-04	
153	1.010800e-03	-1.84590e-03	-1.72102e-08	-9.56493e-04	
154	1.012399e-03	-1.84295e-03	-1.64287e-08	-9.56459e-04	
155	1.015597e-03	-1.83707e-03	-1.49197e-08	-9.56391e-04	
156	1.020000e-03	-1.82900e-03	-1.30950e-08	-9.56295e-04	
157	1.020640e-03	-1.82783e-03	-1.28380e-08	-9.56281e-04	
158	1.021919e-03	-1.82549e-03	-1.23544e-08	-9.56253e-04	
159	1.024477e-03	-1.82083e-03	-1.14396e-08	-9.56195e-04	
160	1.029594e-03	-1.81154e-03	-9.80240e-09	-9.56077e-04	
161	1.039828e-03	-1.79309e-03	-7.17884e-09	-9.55818e-04	
162	1.060296e-03	-1.75677e-03	-3.79462e-09	-9.55132e-04	
163	1.072627e-03	-1.73524e-03	-2.54416e-09	-9.54350e-04	
164	1.086057e-03	-1.71210e-03	-1.60530e-09	-9.52533e-04	
165	1.094353e-03	-1.69796e-03	-1.18096e-09	-9.51185e-04	
166	1.100133e-03	-1.68817e-03	-9.40380e-10	-9.50453e-04	
167	1.107321e-03	-1.67608e-03	-6.90137e-10	-9.49774e-04	
168	1.113966e-03	-1.66498e-03	-5.01276e-10	-9.49301e-04	
169	1.123171e-03	-1.64973e-03	-2.90279e-10	-9.48814e-04	
170	1.132449e-03	-1.63450e-03	-1.27948e-10	-9.48469e-04	

Index   time            a1#branch_1_0   v1#branch       v2#branch       
--------------------------------------------------------------------------------
171	1.142378e-03	-1.61835e-03	5.966972e-12	-9.48212e-04	
172	1.152813e-03	-1.60155e-03	1.096103e-10	-9.48026e-04	
173	1.164145e-03	-1.58351e-03	1.933033e-10	-9.47890e-04	
174	1.176563e-03	-1.56397e-03	2.559069e-10	-9.47793e-04	
175	1.192411e-03	-1.53938e-03	3.086522e-10	-9.47717e-04	
176	1.210375e-03	-1.51198e-03	3.394690e-10	-9.47670e-04	
177	1.236380e-03	-1.47317e-03	3.554532e-10	-9.47637e-04	
178	1.267561e-03	-1.42795e-03	3.470254e-10	-9.47626e-04	
179	1.320936e-03	-1.35373e-03	3.141207e-10	-9.47629e-04	
180	1.380936e-03	-1.27488e-03	2.776566e-10	-9.47645e-04	
181	1.440936e-03	-1.20063e-03	2.513918e-10	-9.47664e-04	
182	1.500936e-03	-1.13071e-03	2.291973e-10	-9.47683e-04	
183	1.520000e-03	-1.10936e-03	2.242042e-10	-9.47689e-04	
184	1.522000e-03	-1.10715e-03	2.231455e-10	-9.47690e-04	
185	1.526000e-03	-1.10273e-03	2.218153e-10	-9.47691e-04	
186	1.534000e-03	-1.09394e-03	2.195430e-10	-9.47693e-04	
187	1.540000e-03	-1.08740e-03	2.176599e-10	-9.47695e-04	
188	1.541600e-03	-1.08566e-03	2.173120e-10	-9.47696e-04	
189	1.544800e-03	-1.08219e-03	2.162749e-10	-9.47697e-04	
190	1.551200e-03	-1.07529e-03	2.145527e-10	-9.47698e-04	
191	1.564000e-03	-1.06162e-03	2.108543e-10	-9.47702e-04	
192	1.589600e-03	-1.03479e-03	2.040715e-10	-9.47710e-04	
193	1.640800e-03	-9.83145e-04	1.911560e-10	-9.47724e-04	
194	1.700800e-03	-9.25889e-04	1.777708e-10	-9.47740e-04	
195	1.760800e-03	-8.71968e-04	1.653699e-10	-9.47756e-04	
196	1.820800e-03	-8.21189e-04	1.543255e-10	-9.47770e-04	
197	1.880800e-03	-7.73367e-04	1.439500e-10	-9.47784e-04	
198	1.940800e-03	-7.28331e-04	1.346871e-10	-9.47796e-04	
199	2.000800e-03	-6.85919e-04	1.258946e-10	-9.47808e-04	
200	2.010000e-03	-6.79640e-04	1.248007e-10	-9.47810e-04	
201	2.011000e-03	-6.78961e-04	1.245853e-10	-9.47810e-04	
202	2.013000e-03	-6.77605e-04	1.242942e-10	-9.47811e-04	
203	2.017000e-03	-6.74901e-04	1.237690e-10	-9.47812e-04	
204	2.020000e-03	-6.72880e-04	1.233453e-10	-9.47812e-04	
205	2.020800e-03	-6.72342e-04	1.232535e-10	-9.47812e-04	
206	2.022400e-03	-6.71268e-04	1.230240e-10	-9.47813e-04	
207	2.025600e-03	-6.69124e-04	1.226084e-10	-9.47813e-04	
208	2.032000e-03	-6.64857e-04	1.217405e-10	-9.47814e-04	
209	2.044800e-03	-6.56404e-04	1.200679e-10	-9.47817e-04	
210	2.070400e-03	-6.39819e-04	1.167632e-10	-9.47822e-04	
211	2.121600e-03	-6.07890e-04	1.105106e-10	-9.47831e-04	
212	2.181600e-03	-5.72494e-04	1.036806e-10	-9.47841e-04	
213	2.241600e-03	-5.39160e-04	9.736257e-11	-9.47850e-04	
214	2.301600e-03	-5.07767e-04	9.148272e-11	-9.47859e-04	
215	2.361600e-03	-4.78203e-04	8.603358e-11	-9.47868e-04	
216	2.421600e-03	-4.50361e-04	8.094958e-11	-9.47876e-04	
217	2.481600e-03	-4.24141e-04	7.623071e-11	-9.47884e-04	
218	2.520000e-03	-4.08171e-04	7.337466e-11	-9.47888e-04	
219	2.522000e-03	-4.07356e-04	7.323700e-11	-9.47888e-04	
220	2.526000e-03	-4.05731e-04	7.293710e-11	-9.47889e-04	
221	2.534000e-03	-4.02500e-04	7.237294e-11	-9.47890e-04	
222	2.540000e-03	-4.00094e-04	7.193511e-11	-9.47890e-04	
223	2.541600e-03	-3.99455e-04	7.183098e-11	-9.47891e-04	
224	2.544800e-03	-3.98180e-04	7.159654e-11	-9.47891e-04	
225	2.551200e-03	-3.95641e-04	7.115438e-11	-9.47892e-04	
226	2.564000e-03	-3.90613e-04	7.025567e-11	-9.47893e-04	
227	2.589600e-03	-3.80746e-04	6.852104e-11	-9.47896e-04	
228	2.640800e-03	-3.61751e-04	6.517600e-11	-9.47902e-04	

Index   time            a1#branch_1_0   v1#branch       v2#branch       
--------------------------------------------------------------------------------
229	2.700800e-03	-3.40693e-04	6.151993e-11	-9.47908e-04	
230	2.760800e-03	-3.20861e-04	5.808497e-11	-9.47913e-04	
231	2.820800e-03	-3.02185e-04	5.489277e-11	-9.47919e-04	
232	2.880800e-03	-2.84597e-04	5.188834e-11	-9.47924e-04	
233	2.940800e-03	-2.68033e-04	4.909595e-11	-9.47929e-04	
234	3.000000e-03	-2.52637e-04	4.649701e-11	-9.47933e-04	

* /home/sumanto/esim-2.1/examples/mixed_signal/pwm_decremental/pwm_decremental.cir
Transient Analysis  Sat Dec 18 14:59:47  2021
--------------------------------------------------------------------------------
Index   time            v3#branch       v4#branch       
--------------------------------------------------------------------------------
0	0.000000e+00	4.767657e-04	0.000000e+00	
1	1.000000e-07	4.767657e-04	0.000000e+00	
2	2.000000e-07	4.767657e-04	0.000000e+00	
3	4.000000e-07	4.767657e-04	0.000000e+00	
4	8.000000e-07	4.767657e-04	0.000000e+00	
5	1.600000e-06	4.767657e-04	0.000000e+00	
6	3.200000e-06	4.767657e-04	0.000000e+00	
7	6.400000e-06	4.767657e-04	0.000000e+00	
8	1.000000e-05	4.767657e-04	0.000000e+00	
9	1.064000e-05	4.767657e-04	0.000000e+00	
10	1.192000e-05	4.767657e-04	0.000000e+00	
11	1.448000e-05	4.767657e-04	0.000000e+00	
12	1.448200e-05	4.767657e-04	0.000000e+00	
13	1.448200e-05	4.767657e-04	0.000000e+00	
14	1.448201e-05	4.767657e-04	0.000000e+00	
15	1.448203e-05	4.767657e-04	0.000000e+00	
16	1.448205e-05	4.767657e-04	0.000000e+00	
17	1.448209e-05	4.767657e-04	0.000000e+00	
18	1.448216e-05	4.767657e-04	0.000000e+00	
19	1.448230e-05	4.767657e-04	0.000000e+00	
20	1.448259e-05	4.767657e-04	0.000000e+00	
21	1.448300e-05	4.767658e-04	0.000000e+00	
22	1.448304e-05	4.767658e-04	0.000000e+00	
23	1.448313e-05	4.767658e-04	0.000000e+00	
24	1.448331e-05	4.767658e-04	0.000000e+00	
25	1.448367e-05	4.767658e-04	0.000000e+00	
26	1.448437e-05	4.767657e-04	0.000000e+00	
27	1.448579e-05	4.767657e-04	0.000000e+00	
28	1.448863e-05	4.767656e-04	0.000000e+00	
29	1.449431e-05	4.767656e-04	0.000000e+00	
30	1.450566e-05	4.767658e-04	0.000000e+00	
31	1.452837e-05	4.767662e-04	0.000000e+00	
32	1.457379e-05	4.767662e-04	0.000000e+00	
33	1.466462e-05	4.767660e-04	0.000000e+00	
34	1.484629e-05	4.767662e-04	0.000000e+00	
35	1.520962e-05	4.767660e-04	0.000000e+00	
36	1.593628e-05	4.767662e-04	0.000000e+00	
37	1.738961e-05	4.767660e-04	0.000000e+00	
38	2.000000e-05	4.767661e-04	0.000000e+00	
39	2.029067e-05	4.767661e-04	0.000000e+00	
40	2.087200e-05	4.767661e-04	0.000000e+00	
41	2.203466e-05	4.767661e-04	0.000000e+00	
42	2.435998e-05	4.767661e-04	0.000000e+00	
43	2.901063e-05	4.767661e-04	0.000000e+00	
44	3.831193e-05	4.767661e-04	0.000000e+00	
45	5.691453e-05	4.767661e-04	0.000000e+00	
46	9.411973e-05	4.767660e-04	0.000000e+00	
47	1.541197e-04	4.767660e-04	0.000000e+00	
48	2.141197e-04	4.767660e-04	0.000000e+00	
49	2.741197e-04	4.767659e-04	0.000000e+00	
50	3.341197e-04	4.767659e-04	0.000000e+00	
51	3.941197e-04	4.767659e-04	0.000000e+00	
52	4.541197e-04	4.767658e-04	0.000000e+00	
53	5.141197e-04	4.767659e-04	0.000000e+00	
54	5.200000e-04	4.767660e-04	0.000000e+00	

Index   time            v3#branch       v4#branch       
--------------------------------------------------------------------------------
55	5.220000e-04	4.767660e-04	0.000000e+00	
56	5.260000e-04	4.767660e-04	0.000000e+00	
57	5.340000e-04	4.767662e-04	0.000000e+00	
58	5.400000e-04	4.767663e-04	0.000000e+00	
59	5.416000e-04	4.767663e-04	0.000000e+00	
60	5.448000e-04	4.767664e-04	0.000000e+00	
61	5.512000e-04	4.767665e-04	0.000000e+00	
62	5.640000e-04	4.767669e-04	0.000000e+00	
63	5.896000e-04	4.767672e-04	0.000000e+00	
64	6.165644e-04	4.767674e-04	0.000000e+00	
65	6.506060e-04	4.767674e-04	0.000000e+00	
66	6.917277e-04	4.767672e-04	0.000000e+00	
67	7.273129e-04	4.767654e-04	0.000000e+00	
68	7.699810e-04	4.767594e-04	0.000000e+00	
69	8.088161e-04	4.767291e-04	0.000000e+00	
70	8.525689e-04	4.765384e-04	0.000000e+00	
71	8.776755e-04	4.761699e-04	0.000000e+00	
72	9.004259e-04	4.754782e-04	0.000000e+00	
73	9.111719e-04	4.749842e-04	0.000000e+00	
74	9.208485e-04	4.744639e-04	0.000000e+00	
75	9.252874e-04	4.741463e-04	0.000000e+00	
76	9.280424e-04	4.739054e-04	0.000000e+00	
77	9.299974e-04	4.736429e-04	0.000000e+00	
78	9.317850e-04	4.732808e-04	0.000000e+00	
79	9.337181e-04	4.727316e-04	0.000000e+00	
80	9.357212e-04	4.721010e-04	0.000000e+00	
81	9.366726e-04	4.718132e-04	0.000000e+00	
82	9.372799e-04	4.716524e-04	0.000000e+00	
83	9.376617e-04	4.715927e-04	0.000000e+00	
84	9.379419e-04	4.715905e-04	0.000000e+00	
85	9.382660e-04	4.716622e-04	0.000000e+00	
86	9.386012e-04	4.718225e-04	0.000000e+00	
87	9.392476e-04	4.723404e-04	0.000000e+00	
88	9.399463e-04	4.731346e-04	0.000000e+00	
89	9.410536e-04	4.747216e-04	0.000000e+00	
90	9.421353e-04	4.765789e-04	0.000000e+00	
91	9.427290e-04	4.777571e-04	0.000000e+00	
92	9.431074e-04	4.787384e-04	0.000000e+00	
93	9.433500e-04	4.797969e-04	0.000000e+00	
94	9.435405e-04	4.813403e-04	0.000000e+00	
95	9.437075e-04	4.839160e-04	0.000000e+00	
96	9.438637e-04	4.884119e-04	0.000000e+00	
97	9.440159e-04	4.962983e-04	0.000000e+00	
98	9.441782e-04	5.108237e-04	0.000000e+00	
99	9.442525e-04	5.205002e-04	0.000000e+00	
100	9.443129e-04	5.305120e-04	0.000000e+00	
101	9.443776e-04	5.434206e-04	0.000000e+00	
102	9.444238e-04	5.538721e-04	0.000000e+00	
103	9.444793e-04	5.688279e-04	0.000000e+00	
104	9.445337e-04	5.833869e-04	0.000000e+00	
105	9.445977e-04	6.045878e-04	0.000000e+00	
106	9.446893e-04	6.366524e-04	0.000000e+00	
107	9.447895e-04	6.767217e-04	0.000000e+00	
108	9.449432e-04	7.393328e-04	0.000000e+00	
109	9.451291e-04	8.108397e-04	0.000000e+00	
110	9.452869e-04	8.499728e-04	0.000000e+00	
111	9.454071e-04	8.622617e-04	0.000000e+00	
112	9.455513e-04	8.676662e-04	0.000000e+00	

Index   time            v3#branch       v4#branch       
--------------------------------------------------------------------------------
113	9.456353e-04	8.697197e-04	0.000000e+00	
114	9.457488e-04	8.704235e-04	0.000000e+00	
115	9.458686e-04	8.716997e-04	0.000000e+00	
116	9.460120e-04	8.716410e-04	0.000000e+00	
117	9.461771e-04	8.724252e-04	0.000000e+00	
118	9.463944e-04	8.721796e-04	0.000000e+00	
119	9.466672e-04	8.728668e-04	0.000000e+00	
120	9.470780e-04	8.727294e-04	0.000000e+00	
121	9.476698e-04	8.736539e-04	0.000000e+00	
122	9.487649e-04	8.741643e-04	0.000000e+00	
123	9.502617e-04	8.760435e-04	0.000000e+00	
124	9.527253e-04	8.782328e-04	0.000000e+00	
125	9.564099e-04	8.831748e-04	0.000000e+00	
126	9.629184e-04	8.921025e-04	0.000000e+00	
127	9.742891e-04	9.126494e-04	0.000000e+00	
128	9.845339e-04	9.335292e-04	0.000000e+00	
129	9.897695e-04	9.458607e-04	0.000000e+00	
130	9.925519e-04	9.518523e-04	0.000000e+00	
131	9.942079e-04	9.562605e-04	0.000000e+00	
132	9.949082e-04	9.574182e-04	0.000000e+00	
133	9.952185e-04	9.584803e-04	0.000000e+00	
134	9.953437e-04	9.573063e-04	0.000000e+00	
135	9.954234e-04	9.575401e-04	0.000000e+00	
136	9.955017e-04	9.569970e-04	0.000000e+00	
137	9.955562e-04	9.571880e-04	0.000000e+00	
138	9.956227e-04	9.570384e-04	0.000000e+00	
139	9.957030e-04	9.570596e-04	0.000000e+00	
140	9.957963e-04	9.570524e-04	0.000000e+00	
141	9.958994e-04	9.570303e-04	0.000000e+00	
142	9.960455e-04	9.570581e-04	0.000000e+00	
143	9.962091e-04	9.570250e-04	0.000000e+00	
144	9.964774e-04	9.570548e-04	0.000000e+00	
145	9.967630e-04	9.570173e-04	0.000000e+00	
146	9.971935e-04	9.570415e-04	0.000000e+00	
147	9.976303e-04	9.570009e-04	0.000000e+00	
148	9.984025e-04	9.570164e-04	0.000000e+00	
149	9.994019e-04	9.569651e-04	0.000000e+00	
150	1.001401e-03	9.569547e-04	0.000000e+00	
151	1.005398e-03	9.568418e-04	0.000000e+00	
152	1.010000e-03	9.567758e-04	0.000000e+00	
153	1.010800e-03	9.567441e-04	0.000000e+00	
154	1.012399e-03	9.567102e-04	0.000000e+00	
155	1.015597e-03	9.566418e-04	0.000000e+00	
156	1.020000e-03	9.565456e-04	0.000000e+00	
157	1.020640e-03	9.565314e-04	0.000000e+00	
158	1.021919e-03	9.565029e-04	0.000000e+00	
159	1.024477e-03	9.564451e-04	0.000000e+00	
160	1.029594e-03	9.563259e-04	0.000000e+00	
161	1.039828e-03	9.560669e-04	0.000000e+00	
162	1.060296e-03	9.553797e-04	0.000000e+00	
163	1.072627e-03	9.545973e-04	0.000000e+00	
164	1.086057e-03	9.527801e-04	0.000000e+00	
165	1.094353e-03	9.514311e-04	0.000000e+00	
166	1.100133e-03	9.506990e-04	0.000000e+00	
167	1.107321e-03	9.500205e-04	0.000000e+00	
168	1.113966e-03	9.495469e-04	0.000000e+00	
169	1.123171e-03	9.490607e-04	0.000000e+00	
170	1.132449e-03	9.487154e-04	0.000000e+00	

Index   time            v3#branch       v4#branch       
--------------------------------------------------------------------------------
171	1.142378e-03	9.484578e-04	0.000000e+00	
172	1.152813e-03	9.482718e-04	0.000000e+00	
173	1.164145e-03	9.481362e-04	0.000000e+00	
174	1.176563e-03	9.480391e-04	0.000000e+00	
175	1.192411e-03	9.479635e-04	0.000000e+00	
176	1.210375e-03	9.479162e-04	0.000000e+00	
177	1.236380e-03	9.478841e-04	0.000000e+00	
178	1.267561e-03	9.478726e-04	0.000000e+00	
179	1.320936e-03	9.478765e-04	0.000000e+00	
180	1.380936e-03	9.478935e-04	0.000000e+00	
181	1.440936e-03	9.479128e-04	0.000000e+00	
182	1.500936e-03	9.479322e-04	0.000000e+00	
183	1.520000e-03	9.479380e-04	0.000000e+00	
184	1.522000e-03	9.479387e-04	0.000000e+00	
185	1.526000e-03	9.479400e-04	0.000000e+00	
186	1.534000e-03	9.479424e-04	0.000000e+00	
187	1.540000e-03	9.479443e-04	0.000000e+00	
188	1.541600e-03	9.479448e-04	0.000000e+00	
189	1.544800e-03	9.479458e-04	0.000000e+00	
190	1.551200e-03	9.479477e-04	0.000000e+00	
191	1.564000e-03	9.479516e-04	0.000000e+00	
192	1.589600e-03	9.479592e-04	0.000000e+00	
193	1.640800e-03	9.479740e-04	0.000000e+00	
194	1.700800e-03	9.479905e-04	0.000000e+00	
195	1.760800e-03	9.480061e-04	0.000000e+00	
196	1.820800e-03	9.480208e-04	0.000000e+00	
197	1.880800e-03	9.480347e-04	0.000000e+00	
198	1.940800e-03	9.480478e-04	0.000000e+00	
199	2.000800e-03	9.480601e-04	0.000000e+00	
200	2.010000e-03	9.480619e-04	0.000000e+00	
201	2.011000e-03	9.480621e-04	0.000000e+00	
202	2.013000e-03	9.480625e-04	0.000000e+00	
203	2.017000e-03	9.480633e-04	0.000000e+00	
204	2.020000e-03	9.480639e-04	0.000000e+00	
205	2.020800e-03	9.480641e-04	0.000000e+00	
206	2.022400e-03	9.480644e-04	0.000000e+00	
207	2.025600e-03	9.480650e-04	0.000000e+00	
208	2.032000e-03	9.480663e-04	0.000000e+00	
209	2.044800e-03	9.480687e-04	0.000000e+00	
210	2.070400e-03	9.480736e-04	0.000000e+00	
211	2.121600e-03	9.480829e-04	0.000000e+00	
212	2.181600e-03	9.480933e-04	0.000000e+00	
213	2.241600e-03	9.481030e-04	0.000000e+00	
214	2.301600e-03	9.481122e-04	0.000000e+00	
215	2.361600e-03	9.481209e-04	0.000000e+00	
216	2.421600e-03	9.481291e-04	0.000000e+00	
217	2.481600e-03	9.481368e-04	0.000000e+00	
218	2.520000e-03	9.481415e-04	0.000000e+00	
219	2.522000e-03	9.481418e-04	0.000000e+00	
220	2.526000e-03	9.481422e-04	0.000000e+00	
221	2.534000e-03	9.481432e-04	0.000000e+00	
222	2.540000e-03	9.481439e-04	0.000000e+00	
223	2.541600e-03	9.481441e-04	0.000000e+00	
224	2.544800e-03	9.481445e-04	0.000000e+00	
225	2.551200e-03	9.481452e-04	0.000000e+00	
226	2.564000e-03	9.481467e-04	0.000000e+00	
227	2.589600e-03	9.481496e-04	0.000000e+00	
228	2.640800e-03	9.481552e-04	0.000000e+00	

Index   time            v3#branch       v4#branch       
--------------------------------------------------------------------------------
229	2.700800e-03	9.481614e-04	0.000000e+00	
230	2.760800e-03	9.481673e-04	0.000000e+00	
231	2.820800e-03	9.481728e-04	0.000000e+00	
232	2.880800e-03	9.481780e-04	0.000000e+00	
233	2.940800e-03	9.481830e-04	0.000000e+00	
234	3.000000e-03	9.481875e-04	0.000000e+00	
