* /home/sumanto/esim-2.1/examples/mixed_signal/pwm_decremental/pwm_decremental.cir
Transient Analysis  Fri Aug 27 12:58:13  2021
--------------------------------------------------------------------------------
Index   time            ?               d               net-_u4-pad1_   
--------------------------------------------------------------------------------
0	0.000000e+00	-8.99056e+00	8.993290e+00	0.000000e+00	
1	1.000000e-07	-8.99056e+00	8.993290e+00	0.000000e+00	
2	2.000000e-07	-8.99056e+00	8.993290e+00	0.000000e+00	
3	4.000000e-07	-8.99056e+00	8.993290e+00	0.000000e+00	
4	8.000000e-07	-8.99056e+00	8.993290e+00	0.000000e+00	
5	1.600000e-06	-8.99056e+00	8.993290e+00	0.000000e+00	
6	3.200000e-06	-8.99056e+00	8.993290e+00	0.000000e+00	
7	6.400000e-06	-8.99056e+00	8.993290e+00	0.000000e+00	
8	1.000000e-05	-8.99056e+00	8.993290e+00	0.000000e+00	
9	1.064000e-05	-8.99056e+00	8.993290e+00	3.200000e-01	
10	1.192000e-05	-8.99056e+00	8.993290e+00	9.600000e-01	
11	1.448000e-05	-8.99056e+00	8.993290e+00	2.240000e+00	
12	1.960000e-05	-8.99056e+00	8.993290e+00	4.800000e+00	
13	2.000000e-05	-8.99056e+00	8.993290e+00	5.000000e+00	
14	2.080000e-05	-8.99056e+00	8.993290e+00	5.000000e+00	
15	2.240000e-05	-8.99056e+00	8.993290e+00	5.000000e+00	
16	2.560000e-05	-8.99056e+00	8.993290e+00	5.000000e+00	
17	3.200000e-05	-8.99056e+00	8.993290e+00	5.000000e+00	
18	4.480000e-05	-8.99056e+00	8.993290e+00	5.000000e+00	
19	7.040000e-05	-8.99056e+00	8.993290e+00	5.000000e+00	
20	1.216000e-04	-8.99056e+00	8.993290e+00	5.000000e+00	
21	1.816000e-04	-8.99056e+00	8.993290e+00	5.000000e+00	
22	2.416000e-04	-8.99056e+00	8.993290e+00	5.000000e+00	
23	3.016000e-04	-8.99056e+00	8.993290e+00	5.000000e+00	
24	3.616000e-04	-8.99056e+00	8.993290e+00	5.000000e+00	
25	4.216000e-04	-8.99056e+00	8.993290e+00	5.000000e+00	
26	4.816000e-04	-8.99056e+00	8.993290e+00	5.000000e+00	
27	5.200000e-04	-8.99056e+00	8.993290e+00	5.000000e+00	
28	5.220000e-04	-8.99056e+00	8.993290e+00	4.500000e+00	
29	5.260000e-04	-8.99056e+00	8.993290e+00	3.500000e+00	
30	5.340000e-04	-8.99056e+00	8.993290e+00	1.500000e+00	
31	5.400000e-04	-8.99056e+00	8.993290e+00	0.000000e+00	
32	5.416000e-04	-8.99056e+00	8.993290e+00	0.000000e+00	
33	5.448000e-04	-8.99056e+00	8.993290e+00	0.000000e+00	
34	5.512000e-04	-8.99056e+00	8.993290e+00	0.000000e+00	
35	5.640000e-04	-8.99056e+00	8.993290e+00	0.000000e+00	
36	5.896000e-04	-8.99056e+00	8.993290e+00	0.000000e+00	
37	6.408000e-04	-8.99056e+00	8.993290e+00	0.000000e+00	
38	7.008000e-04	-8.99056e+00	8.993290e+00	0.000000e+00	
39	7.608000e-04	-8.99056e+00	8.993290e+00	0.000000e+00	
40	8.208000e-04	-8.99056e+00	8.993290e+00	0.000000e+00	
41	8.808000e-04	-8.99056e+00	8.993290e+00	0.000000e+00	
42	9.408000e-04	-8.99056e+00	8.993290e+00	0.000000e+00	
43	1.000800e-03	-8.99056e+00	8.993290e+00	0.000000e+00	
44	1.010000e-03	-8.99056e+00	8.993290e+00	0.000000e+00	
45	1.011000e-03	-8.99056e+00	8.993290e+00	5.000000e-01	
46	1.013000e-03	-8.99056e+00	8.993290e+00	1.500000e+00	
47	1.017000e-03	-8.99056e+00	8.993290e+00	3.500000e+00	
48	1.020000e-03	-8.99056e+00	8.993290e+00	5.000000e+00	
49	1.020800e-03	-8.99056e+00	8.993290e+00	5.000000e+00	
50	1.022400e-03	-8.99056e+00	8.993290e+00	5.000000e+00	
51	1.025600e-03	-8.99056e+00	8.993290e+00	5.000000e+00	
52	1.032000e-03	-8.99056e+00	8.993290e+00	5.000000e+00	
53	1.044800e-03	-8.99056e+00	8.993290e+00	5.000000e+00	
54	1.070400e-03	-8.99056e+00	8.993290e+00	5.000000e+00	

Index   time            ?               d               net-_u4-pad1_   
--------------------------------------------------------------------------------
55	1.121600e-03	-8.99056e+00	8.993290e+00	5.000000e+00	
56	1.181600e-03	-8.99056e+00	8.993290e+00	5.000000e+00	
57	1.241600e-03	-8.99056e+00	8.993290e+00	5.000000e+00	
58	1.301600e-03	-8.99056e+00	8.993290e+00	5.000000e+00	
59	1.361600e-03	-8.99056e+00	8.993290e+00	5.000000e+00	
60	1.421600e-03	-8.99056e+00	8.993290e+00	5.000000e+00	
61	1.481600e-03	-8.99056e+00	8.993290e+00	5.000000e+00	
62	1.520000e-03	-8.99056e+00	8.993290e+00	5.000000e+00	
63	1.522000e-03	-8.99056e+00	8.993290e+00	4.500000e+00	
64	1.526000e-03	-8.99056e+00	8.993290e+00	3.500000e+00	
65	1.534000e-03	-8.99056e+00	8.993290e+00	1.500000e+00	
66	1.540000e-03	-8.99056e+00	8.993290e+00	0.000000e+00	
67	1.541600e-03	-8.99056e+00	8.993290e+00	0.000000e+00	
68	1.544800e-03	-8.99056e+00	8.993290e+00	0.000000e+00	
69	1.551200e-03	-8.99056e+00	8.993290e+00	0.000000e+00	
70	1.564000e-03	-8.99056e+00	8.993290e+00	0.000000e+00	
71	1.589600e-03	-8.99056e+00	8.993290e+00	0.000000e+00	
72	1.640800e-03	-8.99056e+00	8.993290e+00	0.000000e+00	
73	1.700800e-03	-8.99056e+00	8.993290e+00	0.000000e+00	
74	1.760800e-03	-8.99056e+00	8.993290e+00	0.000000e+00	
75	1.820800e-03	-8.99056e+00	8.993290e+00	0.000000e+00	
76	1.880800e-03	-8.99056e+00	8.993290e+00	0.000000e+00	
77	1.940800e-03	-8.99056e+00	8.993290e+00	0.000000e+00	
78	2.000800e-03	-8.99056e+00	8.993290e+00	0.000000e+00	
79	2.010000e-03	-8.99056e+00	8.993290e+00	0.000000e+00	
80	2.011000e-03	-8.99056e+00	8.993290e+00	5.000000e-01	
81	2.013000e-03	-8.99056e+00	8.993290e+00	1.500000e+00	
82	2.017000e-03	-8.99056e+00	8.993290e+00	3.500000e+00	
83	2.020000e-03	-8.99056e+00	8.993290e+00	5.000000e+00	
84	2.020800e-03	-8.99056e+00	8.993290e+00	5.000000e+00	
85	2.022400e-03	-8.99056e+00	8.993290e+00	5.000000e+00	
86	2.025600e-03	-8.99056e+00	8.993290e+00	5.000000e+00	
87	2.032000e-03	-8.99056e+00	8.993290e+00	5.000000e+00	
88	2.044800e-03	-8.99056e+00	8.993290e+00	5.000000e+00	
89	2.070400e-03	-8.99056e+00	8.993290e+00	5.000000e+00	
90	2.121600e-03	-8.99056e+00	8.993290e+00	5.000000e+00	
91	2.181600e-03	-8.99056e+00	8.993290e+00	5.000000e+00	
92	2.241600e-03	-8.99056e+00	8.993290e+00	5.000000e+00	
93	2.301600e-03	-8.99056e+00	8.993290e+00	5.000000e+00	
94	2.361600e-03	-8.99056e+00	8.993290e+00	5.000000e+00	
95	2.421600e-03	-8.99056e+00	8.993290e+00	5.000000e+00	
96	2.481600e-03	-8.99056e+00	8.993290e+00	5.000000e+00	
97	2.520000e-03	-8.99056e+00	8.993290e+00	5.000000e+00	
98	2.522000e-03	-8.99056e+00	8.993290e+00	4.500000e+00	
99	2.526000e-03	-8.99056e+00	8.993290e+00	3.500000e+00	
100	2.534000e-03	-8.99056e+00	8.993290e+00	1.500000e+00	
101	2.540000e-03	-8.99056e+00	8.993290e+00	0.000000e+00	
102	2.541600e-03	-8.99056e+00	8.993290e+00	0.000000e+00	
103	2.544800e-03	-8.99056e+00	8.993290e+00	0.000000e+00	
104	2.551200e-03	-8.99056e+00	8.993290e+00	0.000000e+00	
105	2.564000e-03	-8.99056e+00	8.993290e+00	0.000000e+00	
106	2.589600e-03	-8.99056e+00	8.993290e+00	0.000000e+00	
107	2.640800e-03	-8.99056e+00	8.993290e+00	0.000000e+00	
108	2.700800e-03	-8.99056e+00	8.993290e+00	0.000000e+00	
109	2.760800e-03	-8.99056e+00	8.993290e+00	0.000000e+00	
110	2.820800e-03	-8.99056e+00	8.993290e+00	0.000000e+00	
111	2.880800e-03	-8.99056e+00	8.993290e+00	0.000000e+00	
112	2.940800e-03	-8.99056e+00	8.993290e+00	0.000000e+00	

Index   time            ?               d               net-_u4-pad1_   
--------------------------------------------------------------------------------
113	3.000000e-03	-8.99056e+00	8.993290e+00	0.000000e+00	

* /home/sumanto/esim-2.1/examples/mixed_signal/pwm_decremental/pwm_decremental.cir
Transient Analysis  Fri Aug 27 12:58:13  2021
--------------------------------------------------------------------------------
Index   time            net-_x1-pad4_   net-_x1-pad7_   pwl_in          
--------------------------------------------------------------------------------
0	0.000000e+00	-9.00000e+00	9.000000e+00	3.000000e+00	
1	1.000000e-07	-9.00000e+00	9.000000e+00	3.000000e+00	
2	2.000000e-07	-9.00000e+00	9.000000e+00	3.000000e+00	
3	4.000000e-07	-9.00000e+00	9.000000e+00	3.000000e+00	
4	8.000000e-07	-9.00000e+00	9.000000e+00	3.000000e+00	
5	1.600000e-06	-9.00000e+00	9.000000e+00	3.000000e+00	
6	3.200000e-06	-9.00000e+00	9.000000e+00	3.000000e+00	
7	6.400000e-06	-9.00000e+00	9.000000e+00	3.000000e+00	
8	1.000000e-05	-9.00000e+00	9.000000e+00	3.000000e+00	
9	1.064000e-05	-9.00000e+00	9.000000e+00	3.000000e+00	
10	1.192000e-05	-9.00000e+00	9.000000e+00	3.000000e+00	
11	1.448000e-05	-9.00000e+00	9.000000e+00	3.000000e+00	
12	1.960000e-05	-9.00000e+00	9.000000e+00	3.000000e+00	
13	2.000000e-05	-9.00000e+00	9.000000e+00	3.000000e+00	
14	2.080000e-05	-9.00000e+00	9.000000e+00	3.000000e+00	
15	2.240000e-05	-9.00000e+00	9.000000e+00	3.000000e+00	
16	2.560000e-05	-9.00000e+00	9.000000e+00	3.000000e+00	
17	3.200000e-05	-9.00000e+00	9.000000e+00	3.000000e+00	
18	4.480000e-05	-9.00000e+00	9.000000e+00	3.000000e+00	
19	7.040000e-05	-9.00000e+00	9.000000e+00	3.000000e+00	
20	1.216000e-04	-9.00000e+00	9.000000e+00	3.000000e+00	
21	1.816000e-04	-9.00000e+00	9.000000e+00	3.000000e+00	
22	2.416000e-04	-9.00000e+00	9.000000e+00	3.000000e+00	
23	3.016000e-04	-9.00000e+00	9.000000e+00	3.000000e+00	
24	3.616000e-04	-9.00000e+00	9.000000e+00	3.000000e+00	
25	4.216000e-04	-9.00000e+00	9.000000e+00	3.000000e+00	
26	4.816000e-04	-9.00000e+00	9.000000e+00	3.000000e+00	
27	5.200000e-04	-9.00000e+00	9.000000e+00	3.000000e+00	
28	5.220000e-04	-9.00000e+00	9.000000e+00	3.000000e+00	
29	5.260000e-04	-9.00000e+00	9.000000e+00	3.000000e+00	
30	5.340000e-04	-9.00000e+00	9.000000e+00	3.000000e+00	
31	5.400000e-04	-9.00000e+00	9.000000e+00	3.000000e+00	
32	5.416000e-04	-9.00000e+00	9.000000e+00	3.000000e+00	
33	5.448000e-04	-9.00000e+00	9.000000e+00	3.000000e+00	
34	5.512000e-04	-9.00000e+00	9.000000e+00	3.000000e+00	
35	5.640000e-04	-9.00000e+00	9.000000e+00	3.000000e+00	
36	5.896000e-04	-9.00000e+00	9.000000e+00	3.000000e+00	
37	6.408000e-04	-9.00000e+00	9.000000e+00	3.000000e+00	
38	7.008000e-04	-9.00000e+00	9.000000e+00	3.000000e+00	
39	7.608000e-04	-9.00000e+00	9.000000e+00	3.000000e+00	
40	8.208000e-04	-9.00000e+00	9.000000e+00	3.000000e+00	
41	8.808000e-04	-9.00000e+00	9.000000e+00	3.000000e+00	
42	9.408000e-04	-9.00000e+00	9.000000e+00	3.000000e+00	
43	1.000800e-03	-9.00000e+00	9.000000e+00	3.000000e+00	
44	1.010000e-03	-9.00000e+00	9.000000e+00	3.000000e+00	
45	1.011000e-03	-9.00000e+00	9.000000e+00	3.000000e+00	
46	1.013000e-03	-9.00000e+00	9.000000e+00	3.000000e+00	
47	1.017000e-03	-9.00000e+00	9.000000e+00	3.000000e+00	
48	1.020000e-03	-9.00000e+00	9.000000e+00	3.000000e+00	
49	1.020800e-03	-9.00000e+00	9.000000e+00	3.000000e+00	
50	1.022400e-03	-9.00000e+00	9.000000e+00	3.000000e+00	
51	1.025600e-03	-9.00000e+00	9.000000e+00	3.000000e+00	
52	1.032000e-03	-9.00000e+00	9.000000e+00	3.000000e+00	
53	1.044800e-03	-9.00000e+00	9.000000e+00	3.000000e+00	
54	1.070400e-03	-9.00000e+00	9.000000e+00	3.000000e+00	

Index   time            net-_x1-pad4_   net-_x1-pad7_   pwl_in          
--------------------------------------------------------------------------------
55	1.121600e-03	-9.00000e+00	9.000000e+00	3.000000e+00	
56	1.181600e-03	-9.00000e+00	9.000000e+00	3.000000e+00	
57	1.241600e-03	-9.00000e+00	9.000000e+00	3.000000e+00	
58	1.301600e-03	-9.00000e+00	9.000000e+00	3.000000e+00	
59	1.361600e-03	-9.00000e+00	9.000000e+00	3.000000e+00	
60	1.421600e-03	-9.00000e+00	9.000000e+00	3.000000e+00	
61	1.481600e-03	-9.00000e+00	9.000000e+00	3.000000e+00	
62	1.520000e-03	-9.00000e+00	9.000000e+00	3.000000e+00	
63	1.522000e-03	-9.00000e+00	9.000000e+00	3.000000e+00	
64	1.526000e-03	-9.00000e+00	9.000000e+00	3.000000e+00	
65	1.534000e-03	-9.00000e+00	9.000000e+00	3.000000e+00	
66	1.540000e-03	-9.00000e+00	9.000000e+00	3.000000e+00	
67	1.541600e-03	-9.00000e+00	9.000000e+00	3.000000e+00	
68	1.544800e-03	-9.00000e+00	9.000000e+00	3.000000e+00	
69	1.551200e-03	-9.00000e+00	9.000000e+00	3.000000e+00	
70	1.564000e-03	-9.00000e+00	9.000000e+00	3.000000e+00	
71	1.589600e-03	-9.00000e+00	9.000000e+00	3.000000e+00	
72	1.640800e-03	-9.00000e+00	9.000000e+00	3.000000e+00	
73	1.700800e-03	-9.00000e+00	9.000000e+00	3.000000e+00	
74	1.760800e-03	-9.00000e+00	9.000000e+00	3.000000e+00	
75	1.820800e-03	-9.00000e+00	9.000000e+00	3.000000e+00	
76	1.880800e-03	-9.00000e+00	9.000000e+00	3.000000e+00	
77	1.940800e-03	-9.00000e+00	9.000000e+00	3.000000e+00	
78	2.000800e-03	-9.00000e+00	9.000000e+00	3.000000e+00	
79	2.010000e-03	-9.00000e+00	9.000000e+00	3.000000e+00	
80	2.011000e-03	-9.00000e+00	9.000000e+00	3.000000e+00	
81	2.013000e-03	-9.00000e+00	9.000000e+00	3.000000e+00	
82	2.017000e-03	-9.00000e+00	9.000000e+00	3.000000e+00	
83	2.020000e-03	-9.00000e+00	9.000000e+00	3.000000e+00	
84	2.020800e-03	-9.00000e+00	9.000000e+00	3.000000e+00	
85	2.022400e-03	-9.00000e+00	9.000000e+00	3.000000e+00	
86	2.025600e-03	-9.00000e+00	9.000000e+00	3.000000e+00	
87	2.032000e-03	-9.00000e+00	9.000000e+00	3.000000e+00	
88	2.044800e-03	-9.00000e+00	9.000000e+00	3.000000e+00	
89	2.070400e-03	-9.00000e+00	9.000000e+00	3.000000e+00	
90	2.121600e-03	-9.00000e+00	9.000000e+00	3.000000e+00	
91	2.181600e-03	-9.00000e+00	9.000000e+00	3.000000e+00	
92	2.241600e-03	-9.00000e+00	9.000000e+00	3.000000e+00	
93	2.301600e-03	-9.00000e+00	9.000000e+00	3.000000e+00	
94	2.361600e-03	-9.00000e+00	9.000000e+00	3.000000e+00	
95	2.421600e-03	-9.00000e+00	9.000000e+00	3.000000e+00	
96	2.481600e-03	-9.00000e+00	9.000000e+00	3.000000e+00	
97	2.520000e-03	-9.00000e+00	9.000000e+00	3.000000e+00	
98	2.522000e-03	-9.00000e+00	9.000000e+00	3.000000e+00	
99	2.526000e-03	-9.00000e+00	9.000000e+00	3.000000e+00	
100	2.534000e-03	-9.00000e+00	9.000000e+00	3.000000e+00	
101	2.540000e-03	-9.00000e+00	9.000000e+00	3.000000e+00	
102	2.541600e-03	-9.00000e+00	9.000000e+00	3.000000e+00	
103	2.544800e-03	-9.00000e+00	9.000000e+00	3.000000e+00	
104	2.551200e-03	-9.00000e+00	9.000000e+00	3.000000e+00	
105	2.564000e-03	-9.00000e+00	9.000000e+00	3.000000e+00	
106	2.589600e-03	-9.00000e+00	9.000000e+00	3.000000e+00	
107	2.640800e-03	-9.00000e+00	9.000000e+00	3.000000e+00	
108	2.700800e-03	-9.00000e+00	9.000000e+00	3.000000e+00	
109	2.760800e-03	-9.00000e+00	9.000000e+00	3.000000e+00	
110	2.820800e-03	-9.00000e+00	9.000000e+00	3.000000e+00	
111	2.880800e-03	-9.00000e+00	9.000000e+00	3.000000e+00	
112	2.940800e-03	-9.00000e+00	9.000000e+00	3.000000e+00	

Index   time            net-_x1-pad4_   net-_x1-pad7_   pwl_in          
--------------------------------------------------------------------------------
113	3.000000e-03	-9.00000e+00	9.000000e+00	3.000000e+00	

* /home/sumanto/esim-2.1/examples/mixed_signal/pwm_decremental/pwm_decremental.cir
Transient Analysis  Fri Aug 27 12:58:13  2021
--------------------------------------------------------------------------------
Index   time            q               rc1             x1.net-_c1-pad1 
--------------------------------------------------------------------------------
0	0.000000e+00	0.000000e+00	9.441619e-09	8.996035e+00	
1	1.000000e-07	0.000000e+00	9.441619e-09	8.996035e+00	
2	2.000000e-07	0.000000e+00	9.441619e-09	8.996035e+00	
3	4.000000e-07	0.000000e+00	9.441619e-09	8.996035e+00	
4	8.000000e-07	0.000000e+00	9.441619e-09	8.996035e+00	
5	1.600000e-06	0.000000e+00	9.441619e-09	8.996035e+00	
6	3.200000e-06	0.000000e+00	9.441619e-09	8.996035e+00	
7	6.400000e-06	0.000000e+00	9.441619e-09	8.996035e+00	
8	1.000000e-05	0.000000e+00	9.441619e-09	8.996035e+00	
9	1.064000e-05	0.000000e+00	9.441619e-09	8.996035e+00	
10	1.192000e-05	0.000000e+00	9.441619e-09	8.996035e+00	
11	1.448000e-05	0.000000e+00	9.441619e-09	8.996035e+00	
12	1.960000e-05	0.000000e+00	9.441619e-09	8.996035e+00	
13	2.000000e-05	0.000000e+00	9.441619e-09	8.996035e+00	
14	2.080000e-05	0.000000e+00	9.441619e-09	8.996035e+00	
15	2.240000e-05	0.000000e+00	9.441619e-09	8.996035e+00	
16	2.560000e-05	0.000000e+00	9.441619e-09	8.996035e+00	
17	3.200000e-05	0.000000e+00	9.441619e-09	8.996035e+00	
18	4.480000e-05	0.000000e+00	9.441619e-09	8.996035e+00	
19	7.040000e-05	0.000000e+00	9.441619e-09	8.996035e+00	
20	1.216000e-04	0.000000e+00	9.441619e-09	8.996035e+00	
21	1.816000e-04	0.000000e+00	9.441619e-09	8.996035e+00	
22	2.416000e-04	0.000000e+00	9.441619e-09	8.996035e+00	
23	3.016000e-04	0.000000e+00	9.441619e-09	8.996035e+00	
24	3.616000e-04	0.000000e+00	9.441619e-09	8.996035e+00	
25	4.216000e-04	0.000000e+00	9.441619e-09	8.996035e+00	
26	4.816000e-04	0.000000e+00	9.441619e-09	8.996035e+00	
27	5.200000e-04	0.000000e+00	9.441619e-09	8.996035e+00	
28	5.220000e-04	0.000000e+00	9.441619e-09	8.996035e+00	
29	5.260000e-04	0.000000e+00	9.441619e-09	8.996035e+00	
30	5.340000e-04	0.000000e+00	9.441619e-09	8.996035e+00	
31	5.400000e-04	0.000000e+00	9.441619e-09	8.996035e+00	
32	5.416000e-04	0.000000e+00	9.441619e-09	8.996035e+00	
33	5.448000e-04	0.000000e+00	9.441619e-09	8.996035e+00	
34	5.512000e-04	0.000000e+00	9.441619e-09	8.996035e+00	
35	5.640000e-04	0.000000e+00	9.441619e-09	8.996035e+00	
36	5.896000e-04	0.000000e+00	9.441619e-09	8.996035e+00	
37	6.408000e-04	0.000000e+00	9.441619e-09	8.996035e+00	
38	7.008000e-04	0.000000e+00	9.441619e-09	8.996035e+00	
39	7.608000e-04	0.000000e+00	9.441619e-09	8.996035e+00	
40	8.208000e-04	0.000000e+00	9.441619e-09	8.996035e+00	
41	8.808000e-04	0.000000e+00	9.441619e-09	8.996035e+00	
42	9.408000e-04	0.000000e+00	9.441619e-09	8.996035e+00	
43	1.000800e-03	0.000000e+00	9.441619e-09	8.996035e+00	
44	1.010000e-03	0.000000e+00	9.441619e-09	8.996035e+00	
45	1.011000e-03	0.000000e+00	9.441619e-09	8.996035e+00	
46	1.013000e-03	0.000000e+00	9.441619e-09	8.996035e+00	
47	1.017000e-03	0.000000e+00	9.441619e-09	8.996035e+00	
48	1.020000e-03	0.000000e+00	9.441619e-09	8.996035e+00	
49	1.020800e-03	0.000000e+00	9.441619e-09	8.996035e+00	
50	1.022400e-03	0.000000e+00	9.441619e-09	8.996035e+00	
51	1.025600e-03	0.000000e+00	9.441619e-09	8.996035e+00	
52	1.032000e-03	0.000000e+00	9.441619e-09	8.996035e+00	
53	1.044800e-03	0.000000e+00	9.441619e-09	8.996035e+00	
54	1.070400e-03	0.000000e+00	9.441619e-09	8.996035e+00	

Index   time            q               rc1             x1.net-_c1-pad1 
--------------------------------------------------------------------------------
55	1.121600e-03	0.000000e+00	9.441619e-09	8.996035e+00	
56	1.181600e-03	0.000000e+00	9.441619e-09	8.996035e+00	
57	1.241600e-03	0.000000e+00	9.441619e-09	8.996035e+00	
58	1.301600e-03	0.000000e+00	9.441619e-09	8.996035e+00	
59	1.361600e-03	0.000000e+00	9.441619e-09	8.996035e+00	
60	1.421600e-03	0.000000e+00	9.441619e-09	8.996035e+00	
61	1.481600e-03	0.000000e+00	9.441619e-09	8.996035e+00	
62	1.520000e-03	0.000000e+00	9.441619e-09	8.996035e+00	
63	1.522000e-03	0.000000e+00	9.441619e-09	8.996035e+00	
64	1.526000e-03	0.000000e+00	9.441619e-09	8.996035e+00	
65	1.534000e-03	0.000000e+00	9.441619e-09	8.996035e+00	
66	1.540000e-03	0.000000e+00	9.441619e-09	8.996035e+00	
67	1.541600e-03	0.000000e+00	9.441619e-09	8.996035e+00	
68	1.544800e-03	0.000000e+00	9.441619e-09	8.996035e+00	
69	1.551200e-03	0.000000e+00	9.441619e-09	8.996035e+00	
70	1.564000e-03	0.000000e+00	9.441619e-09	8.996035e+00	
71	1.589600e-03	0.000000e+00	9.441619e-09	8.996035e+00	
72	1.640800e-03	0.000000e+00	9.441619e-09	8.996035e+00	
73	1.700800e-03	0.000000e+00	9.441619e-09	8.996035e+00	
74	1.760800e-03	0.000000e+00	9.441619e-09	8.996035e+00	
75	1.820800e-03	0.000000e+00	9.441619e-09	8.996035e+00	
76	1.880800e-03	0.000000e+00	9.441619e-09	8.996035e+00	
77	1.940800e-03	0.000000e+00	9.441619e-09	8.996035e+00	
78	2.000800e-03	0.000000e+00	9.441619e-09	8.996035e+00	
79	2.010000e-03	0.000000e+00	9.441619e-09	8.996035e+00	
80	2.011000e-03	0.000000e+00	9.441619e-09	8.996035e+00	
81	2.013000e-03	0.000000e+00	9.441619e-09	8.996035e+00	
82	2.017000e-03	0.000000e+00	9.441619e-09	8.996035e+00	
83	2.020000e-03	0.000000e+00	9.441619e-09	8.996035e+00	
84	2.020800e-03	0.000000e+00	9.441619e-09	8.996035e+00	
85	2.022400e-03	0.000000e+00	9.441619e-09	8.996035e+00	
86	2.025600e-03	0.000000e+00	9.441619e-09	8.996035e+00	
87	2.032000e-03	0.000000e+00	9.441619e-09	8.996035e+00	
88	2.044800e-03	0.000000e+00	9.441619e-09	8.996035e+00	
89	2.070400e-03	0.000000e+00	9.441619e-09	8.996035e+00	
90	2.121600e-03	0.000000e+00	9.441619e-09	8.996035e+00	
91	2.181600e-03	0.000000e+00	9.441619e-09	8.996035e+00	
92	2.241600e-03	0.000000e+00	9.441619e-09	8.996035e+00	
93	2.301600e-03	0.000000e+00	9.441619e-09	8.996035e+00	
94	2.361600e-03	0.000000e+00	9.441619e-09	8.996035e+00	
95	2.421600e-03	0.000000e+00	9.441619e-09	8.996035e+00	
96	2.481600e-03	0.000000e+00	9.441619e-09	8.996035e+00	
97	2.520000e-03	0.000000e+00	9.441619e-09	8.996035e+00	
98	2.522000e-03	0.000000e+00	9.441619e-09	8.996035e+00	
99	2.526000e-03	0.000000e+00	9.441619e-09	8.996035e+00	
100	2.534000e-03	0.000000e+00	9.441619e-09	8.996035e+00	
101	2.540000e-03	0.000000e+00	9.441619e-09	8.996035e+00	
102	2.541600e-03	0.000000e+00	9.441619e-09	8.996035e+00	
103	2.544800e-03	0.000000e+00	9.441619e-09	8.996035e+00	
104	2.551200e-03	0.000000e+00	9.441619e-09	8.996035e+00	
105	2.564000e-03	0.000000e+00	9.441619e-09	8.996035e+00	
106	2.589600e-03	0.000000e+00	9.441619e-09	8.996035e+00	
107	2.640800e-03	0.000000e+00	9.441619e-09	8.996035e+00	
108	2.700800e-03	0.000000e+00	9.441619e-09	8.996035e+00	
109	2.760800e-03	0.000000e+00	9.441619e-09	8.996035e+00	
110	2.820800e-03	0.000000e+00	9.441619e-09	8.996035e+00	
111	2.880800e-03	0.000000e+00	9.441619e-09	8.996035e+00	
112	2.940800e-03	0.000000e+00	9.441619e-09	8.996035e+00	

Index   time            q               rc1             x1.net-_c1-pad1 
--------------------------------------------------------------------------------
113	3.000000e-03	0.000000e+00	9.441619e-09	8.996035e+00	

* /home/sumanto/esim-2.1/examples/mixed_signal/pwm_decremental/pwm_decremental.cir
Transient Analysis  Fri Aug 27 12:58:13  2021
--------------------------------------------------------------------------------
Index   time            x1.net-_c1-pad2 x1.net-_q1-pad1 x1.net-_q1-pad3 
--------------------------------------------------------------------------------
0	0.000000e+00	-8.98660e+00	8.462007e+00	2.461558e+00	
1	1.000000e-07	-8.98660e+00	8.462007e+00	2.461558e+00	
2	2.000000e-07	-8.98660e+00	8.462007e+00	2.461558e+00	
3	4.000000e-07	-8.98660e+00	8.462007e+00	2.461558e+00	
4	8.000000e-07	-8.98660e+00	8.462007e+00	2.461558e+00	
5	1.600000e-06	-8.98660e+00	8.462007e+00	2.461558e+00	
6	3.200000e-06	-8.98660e+00	8.462007e+00	2.461558e+00	
7	6.400000e-06	-8.98660e+00	8.462007e+00	2.461558e+00	
8	1.000000e-05	-8.98660e+00	8.462007e+00	2.461558e+00	
9	1.064000e-05	-8.98660e+00	8.462007e+00	2.461558e+00	
10	1.192000e-05	-8.98660e+00	8.462007e+00	2.461558e+00	
11	1.448000e-05	-8.98660e+00	8.462007e+00	2.461558e+00	
12	1.960000e-05	-8.98660e+00	8.462007e+00	2.461558e+00	
13	2.000000e-05	-8.98660e+00	8.462007e+00	2.461558e+00	
14	2.080000e-05	-8.98660e+00	8.462007e+00	2.461558e+00	
15	2.240000e-05	-8.98660e+00	8.462007e+00	2.461558e+00	
16	2.560000e-05	-8.98660e+00	8.462007e+00	2.461558e+00	
17	3.200000e-05	-8.98660e+00	8.462007e+00	2.461558e+00	
18	4.480000e-05	-8.98660e+00	8.462007e+00	2.461558e+00	
19	7.040000e-05	-8.98660e+00	8.462007e+00	2.461558e+00	
20	1.216000e-04	-8.98660e+00	8.462007e+00	2.461558e+00	
21	1.816000e-04	-8.98660e+00	8.462007e+00	2.461558e+00	
22	2.416000e-04	-8.98660e+00	8.462007e+00	2.461558e+00	
23	3.016000e-04	-8.98660e+00	8.462007e+00	2.461558e+00	
24	3.616000e-04	-8.98660e+00	8.462007e+00	2.461558e+00	
25	4.216000e-04	-8.98660e+00	8.462007e+00	2.461558e+00	
26	4.816000e-04	-8.98660e+00	8.462007e+00	2.461558e+00	
27	5.200000e-04	-8.98660e+00	8.462007e+00	2.461558e+00	
28	5.220000e-04	-8.98660e+00	8.462007e+00	2.461558e+00	
29	5.260000e-04	-8.98660e+00	8.462007e+00	2.461558e+00	
30	5.340000e-04	-8.98660e+00	8.462007e+00	2.461558e+00	
31	5.400000e-04	-8.98660e+00	8.462007e+00	2.461558e+00	
32	5.416000e-04	-8.98660e+00	8.462007e+00	2.461558e+00	
33	5.448000e-04	-8.98660e+00	8.462007e+00	2.461558e+00	
34	5.512000e-04	-8.98660e+00	8.462007e+00	2.461558e+00	
35	5.640000e-04	-8.98660e+00	8.462007e+00	2.461558e+00	
36	5.896000e-04	-8.98660e+00	8.462007e+00	2.461558e+00	
37	6.408000e-04	-8.98660e+00	8.462007e+00	2.461558e+00	
38	7.008000e-04	-8.98660e+00	8.462007e+00	2.461558e+00	
39	7.608000e-04	-8.98660e+00	8.462007e+00	2.461558e+00	
40	8.208000e-04	-8.98660e+00	8.462007e+00	2.461558e+00	
41	8.808000e-04	-8.98660e+00	8.462007e+00	2.461558e+00	
42	9.408000e-04	-8.98660e+00	8.462007e+00	2.461558e+00	
43	1.000800e-03	-8.98660e+00	8.462007e+00	2.461558e+00	
44	1.010000e-03	-8.98660e+00	8.462007e+00	2.461558e+00	
45	1.011000e-03	-8.98660e+00	8.462007e+00	2.461558e+00	
46	1.013000e-03	-8.98660e+00	8.462007e+00	2.461558e+00	
47	1.017000e-03	-8.98660e+00	8.462007e+00	2.461558e+00	
48	1.020000e-03	-8.98660e+00	8.462007e+00	2.461558e+00	
49	1.020800e-03	-8.98660e+00	8.462007e+00	2.461558e+00	
50	1.022400e-03	-8.98660e+00	8.462007e+00	2.461558e+00	
51	1.025600e-03	-8.98660e+00	8.462007e+00	2.461558e+00	
52	1.032000e-03	-8.98660e+00	8.462007e+00	2.461558e+00	
53	1.044800e-03	-8.98660e+00	8.462007e+00	2.461558e+00	
54	1.070400e-03	-8.98660e+00	8.462007e+00	2.461558e+00	

Index   time            x1.net-_c1-pad2 x1.net-_q1-pad1 x1.net-_q1-pad3 
--------------------------------------------------------------------------------
55	1.121600e-03	-8.98660e+00	8.462007e+00	2.461558e+00	
56	1.181600e-03	-8.98660e+00	8.462007e+00	2.461558e+00	
57	1.241600e-03	-8.98660e+00	8.462007e+00	2.461558e+00	
58	1.301600e-03	-8.98660e+00	8.462007e+00	2.461558e+00	
59	1.361600e-03	-8.98660e+00	8.462007e+00	2.461558e+00	
60	1.421600e-03	-8.98660e+00	8.462007e+00	2.461558e+00	
61	1.481600e-03	-8.98660e+00	8.462007e+00	2.461558e+00	
62	1.520000e-03	-8.98660e+00	8.462007e+00	2.461558e+00	
63	1.522000e-03	-8.98660e+00	8.462007e+00	2.461558e+00	
64	1.526000e-03	-8.98660e+00	8.462007e+00	2.461558e+00	
65	1.534000e-03	-8.98660e+00	8.462007e+00	2.461558e+00	
66	1.540000e-03	-8.98660e+00	8.462007e+00	2.461558e+00	
67	1.541600e-03	-8.98660e+00	8.462007e+00	2.461558e+00	
68	1.544800e-03	-8.98660e+00	8.462007e+00	2.461558e+00	
69	1.551200e-03	-8.98660e+00	8.462007e+00	2.461558e+00	
70	1.564000e-03	-8.98660e+00	8.462007e+00	2.461558e+00	
71	1.589600e-03	-8.98660e+00	8.462007e+00	2.461558e+00	
72	1.640800e-03	-8.98660e+00	8.462007e+00	2.461558e+00	
73	1.700800e-03	-8.98660e+00	8.462007e+00	2.461558e+00	
74	1.760800e-03	-8.98660e+00	8.462007e+00	2.461558e+00	
75	1.820800e-03	-8.98660e+00	8.462007e+00	2.461558e+00	
76	1.880800e-03	-8.98660e+00	8.462007e+00	2.461558e+00	
77	1.940800e-03	-8.98660e+00	8.462007e+00	2.461558e+00	
78	2.000800e-03	-8.98660e+00	8.462007e+00	2.461558e+00	
79	2.010000e-03	-8.98660e+00	8.462007e+00	2.461558e+00	
80	2.011000e-03	-8.98660e+00	8.462007e+00	2.461558e+00	
81	2.013000e-03	-8.98660e+00	8.462007e+00	2.461558e+00	
82	2.017000e-03	-8.98660e+00	8.462007e+00	2.461558e+00	
83	2.020000e-03	-8.98660e+00	8.462007e+00	2.461558e+00	
84	2.020800e-03	-8.98660e+00	8.462007e+00	2.461558e+00	
85	2.022400e-03	-8.98660e+00	8.462007e+00	2.461558e+00	
86	2.025600e-03	-8.98660e+00	8.462007e+00	2.461558e+00	
87	2.032000e-03	-8.98660e+00	8.462007e+00	2.461558e+00	
88	2.044800e-03	-8.98660e+00	8.462007e+00	2.461558e+00	
89	2.070400e-03	-8.98660e+00	8.462007e+00	2.461558e+00	
90	2.121600e-03	-8.98660e+00	8.462007e+00	2.461558e+00	
91	2.181600e-03	-8.98660e+00	8.462007e+00	2.461558e+00	
92	2.241600e-03	-8.98660e+00	8.462007e+00	2.461558e+00	
93	2.301600e-03	-8.98660e+00	8.462007e+00	2.461558e+00	
94	2.361600e-03	-8.98660e+00	8.462007e+00	2.461558e+00	
95	2.421600e-03	-8.98660e+00	8.462007e+00	2.461558e+00	
96	2.481600e-03	-8.98660e+00	8.462007e+00	2.461558e+00	
97	2.520000e-03	-8.98660e+00	8.462007e+00	2.461558e+00	
98	2.522000e-03	-8.98660e+00	8.462007e+00	2.461558e+00	
99	2.526000e-03	-8.98660e+00	8.462007e+00	2.461558e+00	
100	2.534000e-03	-8.98660e+00	8.462007e+00	2.461558e+00	
101	2.540000e-03	-8.98660e+00	8.462007e+00	2.461558e+00	
102	2.541600e-03	-8.98660e+00	8.462007e+00	2.461558e+00	
103	2.544800e-03	-8.98660e+00	8.462007e+00	2.461558e+00	
104	2.551200e-03	-8.98660e+00	8.462007e+00	2.461558e+00	
105	2.564000e-03	-8.98660e+00	8.462007e+00	2.461558e+00	
106	2.589600e-03	-8.98660e+00	8.462007e+00	2.461558e+00	
107	2.640800e-03	-8.98660e+00	8.462007e+00	2.461558e+00	
108	2.700800e-03	-8.98660e+00	8.462007e+00	2.461558e+00	
109	2.760800e-03	-8.98660e+00	8.462007e+00	2.461558e+00	
110	2.820800e-03	-8.98660e+00	8.462007e+00	2.461558e+00	
111	2.880800e-03	-8.98660e+00	8.462007e+00	2.461558e+00	
112	2.940800e-03	-8.98660e+00	8.462007e+00	2.461558e+00	

Index   time            x1.net-_c1-pad2 x1.net-_q1-pad1 x1.net-_q1-pad3 
--------------------------------------------------------------------------------
113	3.000000e-03	-8.98660e+00	8.462007e+00	2.461558e+00	

* /home/sumanto/esim-2.1/examples/mixed_signal/pwm_decremental/pwm_decremental.cir
Transient Analysis  Fri Aug 27 12:58:13  2021
--------------------------------------------------------------------------------
Index   time            x1.net-_q2-pad3 x1.net-_q3-pad2 x1.net-_q3-pad3 
--------------------------------------------------------------------------------
0	0.000000e+00	9.628045e-01	-7.92231e+00	-8.45143e+00	
1	1.000000e-07	9.628045e-01	-7.92231e+00	-8.45143e+00	
2	2.000000e-07	9.628045e-01	-7.92231e+00	-8.45143e+00	
3	4.000000e-07	9.628045e-01	-7.92231e+00	-8.45143e+00	
4	8.000000e-07	9.628045e-01	-7.92231e+00	-8.45143e+00	
5	1.600000e-06	9.628045e-01	-7.92231e+00	-8.45143e+00	
6	3.200000e-06	9.628045e-01	-7.92231e+00	-8.45143e+00	
7	6.400000e-06	9.628045e-01	-7.92231e+00	-8.45143e+00	
8	1.000000e-05	9.628045e-01	-7.92231e+00	-8.45143e+00	
9	1.064000e-05	9.628045e-01	-7.92231e+00	-8.45143e+00	
10	1.192000e-05	9.628045e-01	-7.92231e+00	-8.45143e+00	
11	1.448000e-05	9.628045e-01	-7.92231e+00	-8.45143e+00	
12	1.960000e-05	9.628045e-01	-7.92231e+00	-8.45143e+00	
13	2.000000e-05	9.628045e-01	-7.92231e+00	-8.45143e+00	
14	2.080000e-05	9.628045e-01	-7.92231e+00	-8.45143e+00	
15	2.240000e-05	9.628045e-01	-7.92231e+00	-8.45143e+00	
16	2.560000e-05	9.628045e-01	-7.92231e+00	-8.45143e+00	
17	3.200000e-05	9.628045e-01	-7.92231e+00	-8.45143e+00	
18	4.480000e-05	9.628045e-01	-7.92231e+00	-8.45143e+00	
19	7.040000e-05	9.628045e-01	-7.92231e+00	-8.45143e+00	
20	1.216000e-04	9.628045e-01	-7.92231e+00	-8.45143e+00	
21	1.816000e-04	9.628045e-01	-7.92231e+00	-8.45143e+00	
22	2.416000e-04	9.628045e-01	-7.92231e+00	-8.45143e+00	
23	3.016000e-04	9.628045e-01	-7.92231e+00	-8.45143e+00	
24	3.616000e-04	9.628045e-01	-7.92231e+00	-8.45143e+00	
25	4.216000e-04	9.628045e-01	-7.92231e+00	-8.45143e+00	
26	4.816000e-04	9.628045e-01	-7.92231e+00	-8.45143e+00	
27	5.200000e-04	9.628045e-01	-7.92231e+00	-8.45143e+00	
28	5.220000e-04	9.628045e-01	-7.92231e+00	-8.45143e+00	
29	5.260000e-04	9.628045e-01	-7.92231e+00	-8.45143e+00	
30	5.340000e-04	9.628045e-01	-7.92231e+00	-8.45143e+00	
31	5.400000e-04	9.628045e-01	-7.92231e+00	-8.45143e+00	
32	5.416000e-04	9.628045e-01	-7.92231e+00	-8.45143e+00	
33	5.448000e-04	9.628045e-01	-7.92231e+00	-8.45143e+00	
34	5.512000e-04	9.628045e-01	-7.92231e+00	-8.45143e+00	
35	5.640000e-04	9.628045e-01	-7.92231e+00	-8.45143e+00	
36	5.896000e-04	9.628045e-01	-7.92231e+00	-8.45143e+00	
37	6.408000e-04	9.628045e-01	-7.92231e+00	-8.45143e+00	
38	7.008000e-04	9.628045e-01	-7.92231e+00	-8.45143e+00	
39	7.608000e-04	9.628045e-01	-7.92231e+00	-8.45143e+00	
40	8.208000e-04	9.628045e-01	-7.92231e+00	-8.45143e+00	
41	8.808000e-04	9.628045e-01	-7.92231e+00	-8.45143e+00	
42	9.408000e-04	9.628045e-01	-7.92231e+00	-8.45143e+00	
43	1.000800e-03	9.628045e-01	-7.92231e+00	-8.45143e+00	
44	1.010000e-03	9.628045e-01	-7.92231e+00	-8.45143e+00	
45	1.011000e-03	9.628045e-01	-7.92231e+00	-8.45143e+00	
46	1.013000e-03	9.628045e-01	-7.92231e+00	-8.45143e+00	
47	1.017000e-03	9.628045e-01	-7.92231e+00	-8.45143e+00	
48	1.020000e-03	9.628045e-01	-7.92231e+00	-8.45143e+00	
49	1.020800e-03	9.628045e-01	-7.92231e+00	-8.45143e+00	
50	1.022400e-03	9.628045e-01	-7.92231e+00	-8.45143e+00	
51	1.025600e-03	9.628045e-01	-7.92231e+00	-8.45143e+00	
52	1.032000e-03	9.628045e-01	-7.92231e+00	-8.45143e+00	
53	1.044800e-03	9.628045e-01	-7.92231e+00	-8.45143e+00	
54	1.070400e-03	9.628045e-01	-7.92231e+00	-8.45143e+00	

Index   time            x1.net-_q2-pad3 x1.net-_q3-pad2 x1.net-_q3-pad3 
--------------------------------------------------------------------------------
55	1.121600e-03	9.628045e-01	-7.92231e+00	-8.45143e+00	
56	1.181600e-03	9.628045e-01	-7.92231e+00	-8.45143e+00	
57	1.241600e-03	9.628045e-01	-7.92231e+00	-8.45143e+00	
58	1.301600e-03	9.628045e-01	-7.92231e+00	-8.45143e+00	
59	1.361600e-03	9.628045e-01	-7.92231e+00	-8.45143e+00	
60	1.421600e-03	9.628045e-01	-7.92231e+00	-8.45143e+00	
61	1.481600e-03	9.628045e-01	-7.92231e+00	-8.45143e+00	
62	1.520000e-03	9.628045e-01	-7.92231e+00	-8.45143e+00	
63	1.522000e-03	9.628045e-01	-7.92231e+00	-8.45143e+00	
64	1.526000e-03	9.628045e-01	-7.92231e+00	-8.45143e+00	
65	1.534000e-03	9.628045e-01	-7.92231e+00	-8.45143e+00	
66	1.540000e-03	9.628045e-01	-7.92231e+00	-8.45143e+00	
67	1.541600e-03	9.628045e-01	-7.92231e+00	-8.45143e+00	
68	1.544800e-03	9.628045e-01	-7.92231e+00	-8.45143e+00	
69	1.551200e-03	9.628045e-01	-7.92231e+00	-8.45143e+00	
70	1.564000e-03	9.628045e-01	-7.92231e+00	-8.45143e+00	
71	1.589600e-03	9.628045e-01	-7.92231e+00	-8.45143e+00	
72	1.640800e-03	9.628045e-01	-7.92231e+00	-8.45143e+00	
73	1.700800e-03	9.628045e-01	-7.92231e+00	-8.45143e+00	
74	1.760800e-03	9.628045e-01	-7.92231e+00	-8.45143e+00	
75	1.820800e-03	9.628045e-01	-7.92231e+00	-8.45143e+00	
76	1.880800e-03	9.628045e-01	-7.92231e+00	-8.45143e+00	
77	1.940800e-03	9.628045e-01	-7.92231e+00	-8.45143e+00	
78	2.000800e-03	9.628045e-01	-7.92231e+00	-8.45143e+00	
79	2.010000e-03	9.628045e-01	-7.92231e+00	-8.45143e+00	
80	2.011000e-03	9.628045e-01	-7.92231e+00	-8.45143e+00	
81	2.013000e-03	9.628045e-01	-7.92231e+00	-8.45143e+00	
82	2.017000e-03	9.628045e-01	-7.92231e+00	-8.45143e+00	
83	2.020000e-03	9.628045e-01	-7.92231e+00	-8.45143e+00	
84	2.020800e-03	9.628045e-01	-7.92231e+00	-8.45143e+00	
85	2.022400e-03	9.628045e-01	-7.92231e+00	-8.45143e+00	
86	2.025600e-03	9.628045e-01	-7.92231e+00	-8.45143e+00	
87	2.032000e-03	9.628045e-01	-7.92231e+00	-8.45143e+00	
88	2.044800e-03	9.628045e-01	-7.92231e+00	-8.45143e+00	
89	2.070400e-03	9.628045e-01	-7.92231e+00	-8.45143e+00	
90	2.121600e-03	9.628045e-01	-7.92231e+00	-8.45143e+00	
91	2.181600e-03	9.628045e-01	-7.92231e+00	-8.45143e+00	
92	2.241600e-03	9.628045e-01	-7.92231e+00	-8.45143e+00	
93	2.301600e-03	9.628045e-01	-7.92231e+00	-8.45143e+00	
94	2.361600e-03	9.628045e-01	-7.92231e+00	-8.45143e+00	
95	2.421600e-03	9.628045e-01	-7.92231e+00	-8.45143e+00	
96	2.481600e-03	9.628045e-01	-7.92231e+00	-8.45143e+00	
97	2.520000e-03	9.628045e-01	-7.92231e+00	-8.45143e+00	
98	2.522000e-03	9.628045e-01	-7.92231e+00	-8.45143e+00	
99	2.526000e-03	9.628045e-01	-7.92231e+00	-8.45143e+00	
100	2.534000e-03	9.628045e-01	-7.92231e+00	-8.45143e+00	
101	2.540000e-03	9.628045e-01	-7.92231e+00	-8.45143e+00	
102	2.541600e-03	9.628045e-01	-7.92231e+00	-8.45143e+00	
103	2.544800e-03	9.628045e-01	-7.92231e+00	-8.45143e+00	
104	2.551200e-03	9.628045e-01	-7.92231e+00	-8.45143e+00	
105	2.564000e-03	9.628045e-01	-7.92231e+00	-8.45143e+00	
106	2.589600e-03	9.628045e-01	-7.92231e+00	-8.45143e+00	
107	2.640800e-03	9.628045e-01	-7.92231e+00	-8.45143e+00	
108	2.700800e-03	9.628045e-01	-7.92231e+00	-8.45143e+00	
109	2.760800e-03	9.628045e-01	-7.92231e+00	-8.45143e+00	
110	2.820800e-03	9.628045e-01	-7.92231e+00	-8.45143e+00	
111	2.880800e-03	9.628045e-01	-7.92231e+00	-8.45143e+00	
112	2.940800e-03	9.628045e-01	-7.92231e+00	-8.45143e+00	

Index   time            x1.net-_q2-pad3 x1.net-_q3-pad2 x1.net-_q3-pad3 
--------------------------------------------------------------------------------
113	3.000000e-03	9.628045e-01	-7.92231e+00	-8.45143e+00	

* /home/sumanto/esim-2.1/examples/mixed_signal/pwm_decremental/pwm_decremental.cir
Transient Analysis  Fri Aug 27 12:58:13  2021
--------------------------------------------------------------------------------
Index   time            x1.net-_q10-pad x1.net-_q12-pad x1.net-_q13-pad 
--------------------------------------------------------------------------------
0	0.000000e+00	8.376292e+00	-8.37390e+00	1.925150e+00	
1	1.000000e-07	8.376292e+00	-8.37390e+00	1.925150e+00	
2	2.000000e-07	8.376292e+00	-8.37390e+00	1.925150e+00	
3	4.000000e-07	8.376292e+00	-8.37390e+00	1.925150e+00	
4	8.000000e-07	8.376292e+00	-8.37390e+00	1.925150e+00	
5	1.600000e-06	8.376292e+00	-8.37390e+00	1.925150e+00	
6	3.200000e-06	8.376292e+00	-8.37390e+00	1.925150e+00	
7	6.400000e-06	8.376292e+00	-8.37390e+00	1.925150e+00	
8	1.000000e-05	8.376292e+00	-8.37390e+00	1.925150e+00	
9	1.064000e-05	8.376292e+00	-8.37390e+00	1.925150e+00	
10	1.192000e-05	8.376292e+00	-8.37390e+00	1.925150e+00	
11	1.448000e-05	8.376292e+00	-8.37390e+00	1.925150e+00	
12	1.960000e-05	8.376292e+00	-8.37390e+00	1.925150e+00	
13	2.000000e-05	8.376292e+00	-8.37390e+00	1.925150e+00	
14	2.080000e-05	8.376292e+00	-8.37390e+00	1.925150e+00	
15	2.240000e-05	8.376292e+00	-8.37390e+00	1.925150e+00	
16	2.560000e-05	8.376292e+00	-8.37390e+00	1.925150e+00	
17	3.200000e-05	8.376292e+00	-8.37390e+00	1.925150e+00	
18	4.480000e-05	8.376292e+00	-8.37390e+00	1.925150e+00	
19	7.040000e-05	8.376292e+00	-8.37390e+00	1.925150e+00	
20	1.216000e-04	8.376292e+00	-8.37390e+00	1.925150e+00	
21	1.816000e-04	8.376292e+00	-8.37390e+00	1.925150e+00	
22	2.416000e-04	8.376292e+00	-8.37390e+00	1.925150e+00	
23	3.016000e-04	8.376292e+00	-8.37390e+00	1.925150e+00	
24	3.616000e-04	8.376292e+00	-8.37390e+00	1.925150e+00	
25	4.216000e-04	8.376292e+00	-8.37390e+00	1.925150e+00	
26	4.816000e-04	8.376292e+00	-8.37390e+00	1.925150e+00	
27	5.200000e-04	8.376292e+00	-8.37390e+00	1.925150e+00	
28	5.220000e-04	8.376292e+00	-8.37390e+00	1.925150e+00	
29	5.260000e-04	8.376292e+00	-8.37390e+00	1.925150e+00	
30	5.340000e-04	8.376292e+00	-8.37390e+00	1.925150e+00	
31	5.400000e-04	8.376292e+00	-8.37390e+00	1.925150e+00	
32	5.416000e-04	8.376292e+00	-8.37390e+00	1.925150e+00	
33	5.448000e-04	8.376292e+00	-8.37390e+00	1.925150e+00	
34	5.512000e-04	8.376292e+00	-8.37390e+00	1.925150e+00	
35	5.640000e-04	8.376292e+00	-8.37390e+00	1.925150e+00	
36	5.896000e-04	8.376292e+00	-8.37390e+00	1.925150e+00	
37	6.408000e-04	8.376292e+00	-8.37390e+00	1.925150e+00	
38	7.008000e-04	8.376292e+00	-8.37390e+00	1.925150e+00	
39	7.608000e-04	8.376292e+00	-8.37390e+00	1.925150e+00	
40	8.208000e-04	8.376292e+00	-8.37390e+00	1.925150e+00	
41	8.808000e-04	8.376292e+00	-8.37390e+00	1.925150e+00	
42	9.408000e-04	8.376292e+00	-8.37390e+00	1.925150e+00	
43	1.000800e-03	8.376292e+00	-8.37390e+00	1.925150e+00	
44	1.010000e-03	8.376292e+00	-8.37390e+00	1.925150e+00	
45	1.011000e-03	8.376292e+00	-8.37390e+00	1.925150e+00	
46	1.013000e-03	8.376292e+00	-8.37390e+00	1.925150e+00	
47	1.017000e-03	8.376292e+00	-8.37390e+00	1.925150e+00	
48	1.020000e-03	8.376292e+00	-8.37390e+00	1.925150e+00	
49	1.020800e-03	8.376292e+00	-8.37390e+00	1.925150e+00	
50	1.022400e-03	8.376292e+00	-8.37390e+00	1.925150e+00	
51	1.025600e-03	8.376292e+00	-8.37390e+00	1.925150e+00	
52	1.032000e-03	8.376292e+00	-8.37390e+00	1.925150e+00	
53	1.044800e-03	8.376292e+00	-8.37390e+00	1.925150e+00	
54	1.070400e-03	8.376292e+00	-8.37390e+00	1.925150e+00	

Index   time            x1.net-_q10-pad x1.net-_q12-pad x1.net-_q13-pad 
--------------------------------------------------------------------------------
55	1.121600e-03	8.376292e+00	-8.37390e+00	1.925150e+00	
56	1.181600e-03	8.376292e+00	-8.37390e+00	1.925150e+00	
57	1.241600e-03	8.376292e+00	-8.37390e+00	1.925150e+00	
58	1.301600e-03	8.376292e+00	-8.37390e+00	1.925150e+00	
59	1.361600e-03	8.376292e+00	-8.37390e+00	1.925150e+00	
60	1.421600e-03	8.376292e+00	-8.37390e+00	1.925150e+00	
61	1.481600e-03	8.376292e+00	-8.37390e+00	1.925150e+00	
62	1.520000e-03	8.376292e+00	-8.37390e+00	1.925150e+00	
63	1.522000e-03	8.376292e+00	-8.37390e+00	1.925150e+00	
64	1.526000e-03	8.376292e+00	-8.37390e+00	1.925150e+00	
65	1.534000e-03	8.376292e+00	-8.37390e+00	1.925150e+00	
66	1.540000e-03	8.376292e+00	-8.37390e+00	1.925150e+00	
67	1.541600e-03	8.376292e+00	-8.37390e+00	1.925150e+00	
68	1.544800e-03	8.376292e+00	-8.37390e+00	1.925150e+00	
69	1.551200e-03	8.376292e+00	-8.37390e+00	1.925150e+00	
70	1.564000e-03	8.376292e+00	-8.37390e+00	1.925150e+00	
71	1.589600e-03	8.376292e+00	-8.37390e+00	1.925150e+00	
72	1.640800e-03	8.376292e+00	-8.37390e+00	1.925150e+00	
73	1.700800e-03	8.376292e+00	-8.37390e+00	1.925150e+00	
74	1.760800e-03	8.376292e+00	-8.37390e+00	1.925150e+00	
75	1.820800e-03	8.376292e+00	-8.37390e+00	1.925150e+00	
76	1.880800e-03	8.376292e+00	-8.37390e+00	1.925150e+00	
77	1.940800e-03	8.376292e+00	-8.37390e+00	1.925150e+00	
78	2.000800e-03	8.376292e+00	-8.37390e+00	1.925150e+00	
79	2.010000e-03	8.376292e+00	-8.37390e+00	1.925150e+00	
80	2.011000e-03	8.376292e+00	-8.37390e+00	1.925150e+00	
81	2.013000e-03	8.376292e+00	-8.37390e+00	1.925150e+00	
82	2.017000e-03	8.376292e+00	-8.37390e+00	1.925150e+00	
83	2.020000e-03	8.376292e+00	-8.37390e+00	1.925150e+00	
84	2.020800e-03	8.376292e+00	-8.37390e+00	1.925150e+00	
85	2.022400e-03	8.376292e+00	-8.37390e+00	1.925150e+00	
86	2.025600e-03	8.376292e+00	-8.37390e+00	1.925150e+00	
87	2.032000e-03	8.376292e+00	-8.37390e+00	1.925150e+00	
88	2.044800e-03	8.376292e+00	-8.37390e+00	1.925150e+00	
89	2.070400e-03	8.376292e+00	-8.37390e+00	1.925150e+00	
90	2.121600e-03	8.376292e+00	-8.37390e+00	1.925150e+00	
91	2.181600e-03	8.376292e+00	-8.37390e+00	1.925150e+00	
92	2.241600e-03	8.376292e+00	-8.37390e+00	1.925150e+00	
93	2.301600e-03	8.376292e+00	-8.37390e+00	1.925150e+00	
94	2.361600e-03	8.376292e+00	-8.37390e+00	1.925150e+00	
95	2.421600e-03	8.376292e+00	-8.37390e+00	1.925150e+00	
96	2.481600e-03	8.376292e+00	-8.37390e+00	1.925150e+00	
97	2.520000e-03	8.376292e+00	-8.37390e+00	1.925150e+00	
98	2.522000e-03	8.376292e+00	-8.37390e+00	1.925150e+00	
99	2.526000e-03	8.376292e+00	-8.37390e+00	1.925150e+00	
100	2.534000e-03	8.376292e+00	-8.37390e+00	1.925150e+00	
101	2.540000e-03	8.376292e+00	-8.37390e+00	1.925150e+00	
102	2.541600e-03	8.376292e+00	-8.37390e+00	1.925150e+00	
103	2.544800e-03	8.376292e+00	-8.37390e+00	1.925150e+00	
104	2.551200e-03	8.376292e+00	-8.37390e+00	1.925150e+00	
105	2.564000e-03	8.376292e+00	-8.37390e+00	1.925150e+00	
106	2.589600e-03	8.376292e+00	-8.37390e+00	1.925150e+00	
107	2.640800e-03	8.376292e+00	-8.37390e+00	1.925150e+00	
108	2.700800e-03	8.376292e+00	-8.37390e+00	1.925150e+00	
109	2.760800e-03	8.376292e+00	-8.37390e+00	1.925150e+00	
110	2.820800e-03	8.376292e+00	-8.37390e+00	1.925150e+00	
111	2.880800e-03	8.376292e+00	-8.37390e+00	1.925150e+00	
112	2.940800e-03	8.376292e+00	-8.37390e+00	1.925150e+00	

Index   time            x1.net-_q10-pad x1.net-_q12-pad x1.net-_q13-pad 
--------------------------------------------------------------------------------
113	3.000000e-03	8.376292e+00	-8.37390e+00	1.925150e+00	

* /home/sumanto/esim-2.1/examples/mixed_signal/pwm_decremental/pwm_decremental.cir
Transient Analysis  Fri Aug 27 12:58:13  2021
--------------------------------------------------------------------------------
Index   time            x1.net-_q13-pad x1.net-_q14-pad x1.net-_q14-pad 
--------------------------------------------------------------------------------
0	0.000000e+00	-8.91169e+00	8.996035e+00	8.996034e+00	
1	1.000000e-07	-8.91169e+00	8.996035e+00	8.996034e+00	
2	2.000000e-07	-8.91169e+00	8.996035e+00	8.996034e+00	
3	4.000000e-07	-8.91169e+00	8.996035e+00	8.996034e+00	
4	8.000000e-07	-8.91169e+00	8.996035e+00	8.996034e+00	
5	1.600000e-06	-8.91169e+00	8.996035e+00	8.996034e+00	
6	3.200000e-06	-8.91169e+00	8.996035e+00	8.996034e+00	
7	6.400000e-06	-8.91169e+00	8.996035e+00	8.996034e+00	
8	1.000000e-05	-8.91169e+00	8.996035e+00	8.996034e+00	
9	1.064000e-05	-8.91169e+00	8.996035e+00	8.996034e+00	
10	1.192000e-05	-8.91169e+00	8.996035e+00	8.996034e+00	
11	1.448000e-05	-8.91169e+00	8.996035e+00	8.996034e+00	
12	1.960000e-05	-8.91169e+00	8.996035e+00	8.996034e+00	
13	2.000000e-05	-8.91169e+00	8.996035e+00	8.996034e+00	
14	2.080000e-05	-8.91169e+00	8.996035e+00	8.996034e+00	
15	2.240000e-05	-8.91169e+00	8.996035e+00	8.996034e+00	
16	2.560000e-05	-8.91169e+00	8.996035e+00	8.996034e+00	
17	3.200000e-05	-8.91169e+00	8.996035e+00	8.996034e+00	
18	4.480000e-05	-8.91169e+00	8.996035e+00	8.996034e+00	
19	7.040000e-05	-8.91169e+00	8.996035e+00	8.996034e+00	
20	1.216000e-04	-8.91169e+00	8.996035e+00	8.996034e+00	
21	1.816000e-04	-8.91169e+00	8.996035e+00	8.996034e+00	
22	2.416000e-04	-8.91169e+00	8.996035e+00	8.996034e+00	
23	3.016000e-04	-8.91169e+00	8.996035e+00	8.996034e+00	
24	3.616000e-04	-8.91169e+00	8.996035e+00	8.996034e+00	
25	4.216000e-04	-8.91169e+00	8.996035e+00	8.996034e+00	
26	4.816000e-04	-8.91169e+00	8.996035e+00	8.996034e+00	
27	5.200000e-04	-8.91169e+00	8.996035e+00	8.996034e+00	
28	5.220000e-04	-8.91169e+00	8.996035e+00	8.996034e+00	
29	5.260000e-04	-8.91169e+00	8.996035e+00	8.996034e+00	
30	5.340000e-04	-8.91169e+00	8.996035e+00	8.996034e+00	
31	5.400000e-04	-8.91169e+00	8.996035e+00	8.996034e+00	
32	5.416000e-04	-8.91169e+00	8.996035e+00	8.996034e+00	
33	5.448000e-04	-8.91169e+00	8.996035e+00	8.996034e+00	
34	5.512000e-04	-8.91169e+00	8.996035e+00	8.996034e+00	
35	5.640000e-04	-8.91169e+00	8.996035e+00	8.996034e+00	
36	5.896000e-04	-8.91169e+00	8.996035e+00	8.996034e+00	
37	6.408000e-04	-8.91169e+00	8.996035e+00	8.996034e+00	
38	7.008000e-04	-8.91169e+00	8.996035e+00	8.996034e+00	
39	7.608000e-04	-8.91169e+00	8.996035e+00	8.996034e+00	
40	8.208000e-04	-8.91169e+00	8.996035e+00	8.996034e+00	
41	8.808000e-04	-8.91169e+00	8.996035e+00	8.996034e+00	
42	9.408000e-04	-8.91169e+00	8.996035e+00	8.996034e+00	
43	1.000800e-03	-8.91169e+00	8.996035e+00	8.996034e+00	
44	1.010000e-03	-8.91169e+00	8.996035e+00	8.996034e+00	
45	1.011000e-03	-8.91169e+00	8.996035e+00	8.996034e+00	
46	1.013000e-03	-8.91169e+00	8.996035e+00	8.996034e+00	
47	1.017000e-03	-8.91169e+00	8.996035e+00	8.996034e+00	
48	1.020000e-03	-8.91169e+00	8.996035e+00	8.996034e+00	
49	1.020800e-03	-8.91169e+00	8.996035e+00	8.996034e+00	
50	1.022400e-03	-8.91169e+00	8.996035e+00	8.996034e+00	
51	1.025600e-03	-8.91169e+00	8.996035e+00	8.996034e+00	
52	1.032000e-03	-8.91169e+00	8.996035e+00	8.996034e+00	
53	1.044800e-03	-8.91169e+00	8.996035e+00	8.996034e+00	
54	1.070400e-03	-8.91169e+00	8.996035e+00	8.996034e+00	

Index   time            x1.net-_q13-pad x1.net-_q14-pad x1.net-_q14-pad 
--------------------------------------------------------------------------------
55	1.121600e-03	-8.91169e+00	8.996035e+00	8.996034e+00	
56	1.181600e-03	-8.91169e+00	8.996035e+00	8.996034e+00	
57	1.241600e-03	-8.91169e+00	8.996035e+00	8.996034e+00	
58	1.301600e-03	-8.91169e+00	8.996035e+00	8.996034e+00	
59	1.361600e-03	-8.91169e+00	8.996035e+00	8.996034e+00	
60	1.421600e-03	-8.91169e+00	8.996035e+00	8.996034e+00	
61	1.481600e-03	-8.91169e+00	8.996035e+00	8.996034e+00	
62	1.520000e-03	-8.91169e+00	8.996035e+00	8.996034e+00	
63	1.522000e-03	-8.91169e+00	8.996035e+00	8.996034e+00	
64	1.526000e-03	-8.91169e+00	8.996035e+00	8.996034e+00	
65	1.534000e-03	-8.91169e+00	8.996035e+00	8.996034e+00	
66	1.540000e-03	-8.91169e+00	8.996035e+00	8.996034e+00	
67	1.541600e-03	-8.91169e+00	8.996035e+00	8.996034e+00	
68	1.544800e-03	-8.91169e+00	8.996035e+00	8.996034e+00	
69	1.551200e-03	-8.91169e+00	8.996035e+00	8.996034e+00	
70	1.564000e-03	-8.91169e+00	8.996035e+00	8.996034e+00	
71	1.589600e-03	-8.91169e+00	8.996035e+00	8.996034e+00	
72	1.640800e-03	-8.91169e+00	8.996035e+00	8.996034e+00	
73	1.700800e-03	-8.91169e+00	8.996035e+00	8.996034e+00	
74	1.760800e-03	-8.91169e+00	8.996035e+00	8.996034e+00	
75	1.820800e-03	-8.91169e+00	8.996035e+00	8.996034e+00	
76	1.880800e-03	-8.91169e+00	8.996035e+00	8.996034e+00	
77	1.940800e-03	-8.91169e+00	8.996035e+00	8.996034e+00	
78	2.000800e-03	-8.91169e+00	8.996035e+00	8.996034e+00	
79	2.010000e-03	-8.91169e+00	8.996035e+00	8.996034e+00	
80	2.011000e-03	-8.91169e+00	8.996035e+00	8.996034e+00	
81	2.013000e-03	-8.91169e+00	8.996035e+00	8.996034e+00	
82	2.017000e-03	-8.91169e+00	8.996035e+00	8.996034e+00	
83	2.020000e-03	-8.91169e+00	8.996035e+00	8.996034e+00	
84	2.020800e-03	-8.91169e+00	8.996035e+00	8.996034e+00	
85	2.022400e-03	-8.91169e+00	8.996035e+00	8.996034e+00	
86	2.025600e-03	-8.91169e+00	8.996035e+00	8.996034e+00	
87	2.032000e-03	-8.91169e+00	8.996035e+00	8.996034e+00	
88	2.044800e-03	-8.91169e+00	8.996035e+00	8.996034e+00	
89	2.070400e-03	-8.91169e+00	8.996035e+00	8.996034e+00	
90	2.121600e-03	-8.91169e+00	8.996035e+00	8.996034e+00	
91	2.181600e-03	-8.91169e+00	8.996035e+00	8.996034e+00	
92	2.241600e-03	-8.91169e+00	8.996035e+00	8.996034e+00	
93	2.301600e-03	-8.91169e+00	8.996035e+00	8.996034e+00	
94	2.361600e-03	-8.91169e+00	8.996035e+00	8.996034e+00	
95	2.421600e-03	-8.91169e+00	8.996035e+00	8.996034e+00	
96	2.481600e-03	-8.91169e+00	8.996035e+00	8.996034e+00	
97	2.520000e-03	-8.91169e+00	8.996035e+00	8.996034e+00	
98	2.522000e-03	-8.91169e+00	8.996035e+00	8.996034e+00	
99	2.526000e-03	-8.91169e+00	8.996035e+00	8.996034e+00	
100	2.534000e-03	-8.91169e+00	8.996035e+00	8.996034e+00	
101	2.540000e-03	-8.91169e+00	8.996035e+00	8.996034e+00	
102	2.541600e-03	-8.91169e+00	8.996035e+00	8.996034e+00	
103	2.544800e-03	-8.91169e+00	8.996035e+00	8.996034e+00	
104	2.551200e-03	-8.91169e+00	8.996035e+00	8.996034e+00	
105	2.564000e-03	-8.91169e+00	8.996035e+00	8.996034e+00	
106	2.589600e-03	-8.91169e+00	8.996035e+00	8.996034e+00	
107	2.640800e-03	-8.91169e+00	8.996035e+00	8.996034e+00	
108	2.700800e-03	-8.91169e+00	8.996035e+00	8.996034e+00	
109	2.760800e-03	-8.91169e+00	8.996035e+00	8.996034e+00	
110	2.820800e-03	-8.91169e+00	8.996035e+00	8.996034e+00	
111	2.880800e-03	-8.91169e+00	8.996035e+00	8.996034e+00	
112	2.940800e-03	-8.91169e+00	8.996035e+00	8.996034e+00	

Index   time            x1.net-_q13-pad x1.net-_q14-pad x1.net-_q14-pad 
--------------------------------------------------------------------------------
113	3.000000e-03	-8.91169e+00	8.996035e+00	8.996034e+00	

* /home/sumanto/esim-2.1/examples/mixed_signal/pwm_decremental/pwm_decremental.cir
Transient Analysis  Fri Aug 27 12:58:13  2021
--------------------------------------------------------------------------------
Index   time            x1.net-_q15-pad x1.net-_q15-pad x1.net-_q18-pad 
--------------------------------------------------------------------------------
0	0.000000e+00	-9.00000e+00	-9.00000e+00	8.993290e+00	
1	1.000000e-07	-9.00000e+00	-9.00000e+00	8.993290e+00	
2	2.000000e-07	-9.00000e+00	-9.00000e+00	8.993290e+00	
3	4.000000e-07	-9.00000e+00	-9.00000e+00	8.993290e+00	
4	8.000000e-07	-9.00000e+00	-9.00000e+00	8.993290e+00	
5	1.600000e-06	-9.00000e+00	-9.00000e+00	8.993290e+00	
6	3.200000e-06	-9.00000e+00	-9.00000e+00	8.993290e+00	
7	6.400000e-06	-9.00000e+00	-9.00000e+00	8.993290e+00	
8	1.000000e-05	-9.00000e+00	-9.00000e+00	8.993290e+00	
9	1.064000e-05	-9.00000e+00	-9.00000e+00	8.993290e+00	
10	1.192000e-05	-9.00000e+00	-9.00000e+00	8.993290e+00	
11	1.448000e-05	-9.00000e+00	-9.00000e+00	8.993290e+00	
12	1.960000e-05	-9.00000e+00	-9.00000e+00	8.993290e+00	
13	2.000000e-05	-9.00000e+00	-9.00000e+00	8.993290e+00	
14	2.080000e-05	-9.00000e+00	-9.00000e+00	8.993290e+00	
15	2.240000e-05	-9.00000e+00	-9.00000e+00	8.993290e+00	
16	2.560000e-05	-9.00000e+00	-9.00000e+00	8.993290e+00	
17	3.200000e-05	-9.00000e+00	-9.00000e+00	8.993290e+00	
18	4.480000e-05	-9.00000e+00	-9.00000e+00	8.993290e+00	
19	7.040000e-05	-9.00000e+00	-9.00000e+00	8.993290e+00	
20	1.216000e-04	-9.00000e+00	-9.00000e+00	8.993290e+00	
21	1.816000e-04	-9.00000e+00	-9.00000e+00	8.993290e+00	
22	2.416000e-04	-9.00000e+00	-9.00000e+00	8.993290e+00	
23	3.016000e-04	-9.00000e+00	-9.00000e+00	8.993290e+00	
24	3.616000e-04	-9.00000e+00	-9.00000e+00	8.993290e+00	
25	4.216000e-04	-9.00000e+00	-9.00000e+00	8.993290e+00	
26	4.816000e-04	-9.00000e+00	-9.00000e+00	8.993290e+00	
27	5.200000e-04	-9.00000e+00	-9.00000e+00	8.993290e+00	
28	5.220000e-04	-9.00000e+00	-9.00000e+00	8.993290e+00	
29	5.260000e-04	-9.00000e+00	-9.00000e+00	8.993290e+00	
30	5.340000e-04	-9.00000e+00	-9.00000e+00	8.993290e+00	
31	5.400000e-04	-9.00000e+00	-9.00000e+00	8.993290e+00	
32	5.416000e-04	-9.00000e+00	-9.00000e+00	8.993290e+00	
33	5.448000e-04	-9.00000e+00	-9.00000e+00	8.993290e+00	
34	5.512000e-04	-9.00000e+00	-9.00000e+00	8.993290e+00	
35	5.640000e-04	-9.00000e+00	-9.00000e+00	8.993290e+00	
36	5.896000e-04	-9.00000e+00	-9.00000e+00	8.993290e+00	
37	6.408000e-04	-9.00000e+00	-9.00000e+00	8.993290e+00	
38	7.008000e-04	-9.00000e+00	-9.00000e+00	8.993290e+00	
39	7.608000e-04	-9.00000e+00	-9.00000e+00	8.993290e+00	
40	8.208000e-04	-9.00000e+00	-9.00000e+00	8.993290e+00	
41	8.808000e-04	-9.00000e+00	-9.00000e+00	8.993290e+00	
42	9.408000e-04	-9.00000e+00	-9.00000e+00	8.993290e+00	
43	1.000800e-03	-9.00000e+00	-9.00000e+00	8.993290e+00	
44	1.010000e-03	-9.00000e+00	-9.00000e+00	8.993290e+00	
45	1.011000e-03	-9.00000e+00	-9.00000e+00	8.993290e+00	
46	1.013000e-03	-9.00000e+00	-9.00000e+00	8.993290e+00	
47	1.017000e-03	-9.00000e+00	-9.00000e+00	8.993290e+00	
48	1.020000e-03	-9.00000e+00	-9.00000e+00	8.993290e+00	
49	1.020800e-03	-9.00000e+00	-9.00000e+00	8.993290e+00	
50	1.022400e-03	-9.00000e+00	-9.00000e+00	8.993290e+00	
51	1.025600e-03	-9.00000e+00	-9.00000e+00	8.993290e+00	
52	1.032000e-03	-9.00000e+00	-9.00000e+00	8.993290e+00	
53	1.044800e-03	-9.00000e+00	-9.00000e+00	8.993290e+00	
54	1.070400e-03	-9.00000e+00	-9.00000e+00	8.993290e+00	

Index   time            x1.net-_q15-pad x1.net-_q15-pad x1.net-_q18-pad 
--------------------------------------------------------------------------------
55	1.121600e-03	-9.00000e+00	-9.00000e+00	8.993290e+00	
56	1.181600e-03	-9.00000e+00	-9.00000e+00	8.993290e+00	
57	1.241600e-03	-9.00000e+00	-9.00000e+00	8.993290e+00	
58	1.301600e-03	-9.00000e+00	-9.00000e+00	8.993290e+00	
59	1.361600e-03	-9.00000e+00	-9.00000e+00	8.993290e+00	
60	1.421600e-03	-9.00000e+00	-9.00000e+00	8.993290e+00	
61	1.481600e-03	-9.00000e+00	-9.00000e+00	8.993290e+00	
62	1.520000e-03	-9.00000e+00	-9.00000e+00	8.993290e+00	
63	1.522000e-03	-9.00000e+00	-9.00000e+00	8.993290e+00	
64	1.526000e-03	-9.00000e+00	-9.00000e+00	8.993290e+00	
65	1.534000e-03	-9.00000e+00	-9.00000e+00	8.993290e+00	
66	1.540000e-03	-9.00000e+00	-9.00000e+00	8.993290e+00	
67	1.541600e-03	-9.00000e+00	-9.00000e+00	8.993290e+00	
68	1.544800e-03	-9.00000e+00	-9.00000e+00	8.993290e+00	
69	1.551200e-03	-9.00000e+00	-9.00000e+00	8.993290e+00	
70	1.564000e-03	-9.00000e+00	-9.00000e+00	8.993290e+00	
71	1.589600e-03	-9.00000e+00	-9.00000e+00	8.993290e+00	
72	1.640800e-03	-9.00000e+00	-9.00000e+00	8.993290e+00	
73	1.700800e-03	-9.00000e+00	-9.00000e+00	8.993290e+00	
74	1.760800e-03	-9.00000e+00	-9.00000e+00	8.993290e+00	
75	1.820800e-03	-9.00000e+00	-9.00000e+00	8.993290e+00	
76	1.880800e-03	-9.00000e+00	-9.00000e+00	8.993290e+00	
77	1.940800e-03	-9.00000e+00	-9.00000e+00	8.993290e+00	
78	2.000800e-03	-9.00000e+00	-9.00000e+00	8.993290e+00	
79	2.010000e-03	-9.00000e+00	-9.00000e+00	8.993290e+00	
80	2.011000e-03	-9.00000e+00	-9.00000e+00	8.993290e+00	
81	2.013000e-03	-9.00000e+00	-9.00000e+00	8.993290e+00	
82	2.017000e-03	-9.00000e+00	-9.00000e+00	8.993290e+00	
83	2.020000e-03	-9.00000e+00	-9.00000e+00	8.993290e+00	
84	2.020800e-03	-9.00000e+00	-9.00000e+00	8.993290e+00	
85	2.022400e-03	-9.00000e+00	-9.00000e+00	8.993290e+00	
86	2.025600e-03	-9.00000e+00	-9.00000e+00	8.993290e+00	
87	2.032000e-03	-9.00000e+00	-9.00000e+00	8.993290e+00	
88	2.044800e-03	-9.00000e+00	-9.00000e+00	8.993290e+00	
89	2.070400e-03	-9.00000e+00	-9.00000e+00	8.993290e+00	
90	2.121600e-03	-9.00000e+00	-9.00000e+00	8.993290e+00	
91	2.181600e-03	-9.00000e+00	-9.00000e+00	8.993290e+00	
92	2.241600e-03	-9.00000e+00	-9.00000e+00	8.993290e+00	
93	2.301600e-03	-9.00000e+00	-9.00000e+00	8.993290e+00	
94	2.361600e-03	-9.00000e+00	-9.00000e+00	8.993290e+00	
95	2.421600e-03	-9.00000e+00	-9.00000e+00	8.993290e+00	
96	2.481600e-03	-9.00000e+00	-9.00000e+00	8.993290e+00	
97	2.520000e-03	-9.00000e+00	-9.00000e+00	8.993290e+00	
98	2.522000e-03	-9.00000e+00	-9.00000e+00	8.993290e+00	
99	2.526000e-03	-9.00000e+00	-9.00000e+00	8.993290e+00	
100	2.534000e-03	-9.00000e+00	-9.00000e+00	8.993290e+00	
101	2.540000e-03	-9.00000e+00	-9.00000e+00	8.993290e+00	
102	2.541600e-03	-9.00000e+00	-9.00000e+00	8.993290e+00	
103	2.544800e-03	-9.00000e+00	-9.00000e+00	8.993290e+00	
104	2.551200e-03	-9.00000e+00	-9.00000e+00	8.993290e+00	
105	2.564000e-03	-9.00000e+00	-9.00000e+00	8.993290e+00	
106	2.589600e-03	-9.00000e+00	-9.00000e+00	8.993290e+00	
107	2.640800e-03	-9.00000e+00	-9.00000e+00	8.993290e+00	
108	2.700800e-03	-9.00000e+00	-9.00000e+00	8.993290e+00	
109	2.760800e-03	-9.00000e+00	-9.00000e+00	8.993290e+00	
110	2.820800e-03	-9.00000e+00	-9.00000e+00	8.993290e+00	
111	2.880800e-03	-9.00000e+00	-9.00000e+00	8.993290e+00	
112	2.940800e-03	-9.00000e+00	-9.00000e+00	8.993290e+00	

Index   time            x1.net-_q15-pad x1.net-_q15-pad x1.net-_q18-pad 
--------------------------------------------------------------------------------
113	3.000000e-03	-9.00000e+00	-9.00000e+00	8.993290e+00	

* /home/sumanto/esim-2.1/examples/mixed_signal/pwm_decremental/pwm_decremental.cir
Transient Analysis  Fri Aug 27 12:58:13  2021
--------------------------------------------------------------------------------
Index   time            x1.net-_q19-pad 
--------------------------------------------------------------------------------
0	0.000000e+00	8.993290e+00	
1	1.000000e-07	8.993290e+00	
2	2.000000e-07	8.993290e+00	
3	4.000000e-07	8.993290e+00	
4	8.000000e-07	8.993290e+00	
5	1.600000e-06	8.993290e+00	
6	3.200000e-06	8.993290e+00	
7	6.400000e-06	8.993290e+00	
8	1.000000e-05	8.993290e+00	
9	1.064000e-05	8.993290e+00	
10	1.192000e-05	8.993290e+00	
11	1.448000e-05	8.993290e+00	
12	1.960000e-05	8.993290e+00	
13	2.000000e-05	8.993290e+00	
14	2.080000e-05	8.993290e+00	
15	2.240000e-05	8.993290e+00	
16	2.560000e-05	8.993290e+00	
17	3.200000e-05	8.993290e+00	
18	4.480000e-05	8.993290e+00	
19	7.040000e-05	8.993290e+00	
20	1.216000e-04	8.993290e+00	
21	1.816000e-04	8.993290e+00	
22	2.416000e-04	8.993290e+00	
23	3.016000e-04	8.993290e+00	
24	3.616000e-04	8.993290e+00	
25	4.216000e-04	8.993290e+00	
26	4.816000e-04	8.993290e+00	
27	5.200000e-04	8.993290e+00	
28	5.220000e-04	8.993290e+00	
29	5.260000e-04	8.993290e+00	
30	5.340000e-04	8.993290e+00	
31	5.400000e-04	8.993290e+00	
32	5.416000e-04	8.993290e+00	
33	5.448000e-04	8.993290e+00	
34	5.512000e-04	8.993290e+00	
35	5.640000e-04	8.993290e+00	
36	5.896000e-04	8.993290e+00	
37	6.408000e-04	8.993290e+00	
38	7.008000e-04	8.993290e+00	
39	7.608000e-04	8.993290e+00	
40	8.208000e-04	8.993290e+00	
41	8.808000e-04	8.993290e+00	
42	9.408000e-04	8.993290e+00	
43	1.000800e-03	8.993290e+00	
44	1.010000e-03	8.993290e+00	
45	1.011000e-03	8.993290e+00	
46	1.013000e-03	8.993290e+00	
47	1.017000e-03	8.993290e+00	
48	1.020000e-03	8.993290e+00	
49	1.020800e-03	8.993290e+00	
50	1.022400e-03	8.993290e+00	
51	1.025600e-03	8.993290e+00	
52	1.032000e-03	8.993290e+00	
53	1.044800e-03	8.993290e+00	
54	1.070400e-03	8.993290e+00	

Index   time            x1.net-_q19-pad 
--------------------------------------------------------------------------------
55	1.121600e-03	8.993290e+00	
56	1.181600e-03	8.993290e+00	
57	1.241600e-03	8.993290e+00	
58	1.301600e-03	8.993290e+00	
59	1.361600e-03	8.993290e+00	
60	1.421600e-03	8.993290e+00	
61	1.481600e-03	8.993290e+00	
62	1.520000e-03	8.993290e+00	
63	1.522000e-03	8.993290e+00	
64	1.526000e-03	8.993290e+00	
65	1.534000e-03	8.993290e+00	
66	1.540000e-03	8.993290e+00	
67	1.541600e-03	8.993290e+00	
68	1.544800e-03	8.993290e+00	
69	1.551200e-03	8.993290e+00	
70	1.564000e-03	8.993290e+00	
71	1.589600e-03	8.993290e+00	
72	1.640800e-03	8.993290e+00	
73	1.700800e-03	8.993290e+00	
74	1.760800e-03	8.993290e+00	
75	1.820800e-03	8.993290e+00	
76	1.880800e-03	8.993290e+00	
77	1.940800e-03	8.993290e+00	
78	2.000800e-03	8.993290e+00	
79	2.010000e-03	8.993290e+00	
80	2.011000e-03	8.993290e+00	
81	2.013000e-03	8.993290e+00	
82	2.017000e-03	8.993290e+00	
83	2.020000e-03	8.993290e+00	
84	2.020800e-03	8.993290e+00	
85	2.022400e-03	8.993290e+00	
86	2.025600e-03	8.993290e+00	
87	2.032000e-03	8.993290e+00	
88	2.044800e-03	8.993290e+00	
89	2.070400e-03	8.993290e+00	
90	2.121600e-03	8.993290e+00	
91	2.181600e-03	8.993290e+00	
92	2.241600e-03	8.993290e+00	
93	2.301600e-03	8.993290e+00	
94	2.361600e-03	8.993290e+00	
95	2.421600e-03	8.993290e+00	
96	2.481600e-03	8.993290e+00	
97	2.520000e-03	8.993290e+00	
98	2.522000e-03	8.993290e+00	
99	2.526000e-03	8.993290e+00	
100	2.534000e-03	8.993290e+00	
101	2.540000e-03	8.993290e+00	
102	2.541600e-03	8.993290e+00	
103	2.544800e-03	8.993290e+00	
104	2.551200e-03	8.993290e+00	
105	2.564000e-03	8.993290e+00	
106	2.589600e-03	8.993290e+00	
107	2.640800e-03	8.993290e+00	
108	2.700800e-03	8.993290e+00	
109	2.760800e-03	8.993290e+00	
110	2.820800e-03	8.993290e+00	
111	2.880800e-03	8.993290e+00	
112	2.940800e-03	8.993290e+00	

Index   time            x1.net-_q19-pad 
--------------------------------------------------------------------------------
113	3.000000e-03	8.993290e+00	
