               * /home/sumanto/desktop/verilog/esim/lfsr/lfsr.cir
               Transient Analysis  Mon Nov 22 20:59:37  2021
--------------------------------------------------------------------------------
Index   time            v1#branch       v2#branch       v3#branch       
--------------------------------------------------------------------------------
0	0.000000e+00	0.000000e+00	0.000000e+00	0.000000e+00	
1	2.000000e-12	0.000000e+00	0.000000e+00	0.000000e+00	
2	4.000000e-12	0.000000e+00	0.000000e+00	0.000000e+00	
3	8.000000e-12	0.000000e+00	0.000000e+00	0.000000e+00	
4	1.600000e-11	0.000000e+00	0.000000e+00	0.000000e+00	
5	3.200000e-11	0.000000e+00	0.000000e+00	0.000000e+00	
6	6.400000e-11	0.000000e+00	0.000000e+00	0.000000e+00	
7	1.280000e-10	0.000000e+00	0.000000e+00	0.000000e+00	
8	2.000000e-10	0.000000e+00	0.000000e+00	0.000000e+00	
9	2.128000e-10	0.000000e+00	0.000000e+00	0.000000e+00	
10	2.384000e-10	0.000000e+00	0.000000e+00	0.000000e+00	
11	2.896000e-10	0.000000e+00	0.000000e+00	0.000000e+00	
12	3.920000e-10	0.000000e+00	0.000000e+00	0.000000e+00	
13	5.968000e-10	0.000000e+00	0.000000e+00	0.000000e+00	
14	1.006400e-09	0.000000e+00	0.000000e+00	0.000000e+00	
15	1.825600e-09	0.000000e+00	0.000000e+00	0.000000e+00	
16	3.464000e-09	0.000000e+00	0.000000e+00	0.000000e+00	
17	6.740800e-09	0.000000e+00	0.000000e+00	0.000000e+00	
18	1.329440e-08	0.000000e+00	0.000000e+00	0.000000e+00	
19	2.640160e-08	0.000000e+00	0.000000e+00	0.000000e+00	
20	5.261600e-08	0.000000e+00	0.000000e+00	0.000000e+00	
21	1.050448e-07	0.000000e+00	0.000000e+00	0.000000e+00	
22	2.099024e-07	0.000000e+00	0.000000e+00	0.000000e+00	
23	4.196176e-07	0.000000e+00	0.000000e+00	0.000000e+00	
24	8.390480e-07	0.000000e+00	0.000000e+00	0.000000e+00	
25	1.677909e-06	0.000000e+00	0.000000e+00	0.000000e+00	
26	3.355630e-06	0.000000e+00	0.000000e+00	0.000000e+00	
27	6.711074e-06	0.000000e+00	0.000000e+00	0.000000e+00	
28	1.342196e-05	0.000000e+00	0.000000e+00	0.000000e+00	
29	2.684373e-05	0.000000e+00	0.000000e+00	0.000000e+00	
30	5.368728e-05	0.000000e+00	0.000000e+00	0.000000e+00	
31	1.073744e-04	0.000000e+00	0.000000e+00	0.000000e+00	
32	2.147486e-04	0.000000e+00	0.000000e+00	0.000000e+00	
33	4.294969e-04	0.000000e+00	0.000000e+00	0.000000e+00	
34	8.589936e-04	0.000000e+00	0.000000e+00	0.000000e+00	
35	1.717987e-03	0.000000e+00	0.000000e+00	0.000000e+00	
36	3.435974e-03	0.000000e+00	0.000000e+00	0.000000e+00	
37	6.871948e-03	0.000000e+00	0.000000e+00	0.000000e+00	
38	1.374390e-02	0.000000e+00	0.000000e+00	0.000000e+00	
39	2.748779e-02	0.000000e+00	0.000000e+00	0.000000e+00	
40	5.497558e-02	0.000000e+00	0.000000e+00	0.000000e+00	
41	1.099512e-01	0.000000e+00	0.000000e+00	0.000000e+00	
42	2.099512e-01	0.000000e+00	0.000000e+00	0.000000e+00	
43	3.099512e-01	0.000000e+00	0.000000e+00	0.000000e+00	
44	4.099512e-01	0.000000e+00	0.000000e+00	0.000000e+00	
45	5.099512e-01	0.000000e+00	0.000000e+00	0.000000e+00	
46	6.099512e-01	0.000000e+00	0.000000e+00	0.000000e+00	
47	7.099512e-01	0.000000e+00	0.000000e+00	0.000000e+00	
48	8.099512e-01	0.000000e+00	0.000000e+00	0.000000e+00	
49	9.099512e-01	0.000000e+00	0.000000e+00	0.000000e+00	
50	1.000000e+00	0.000000e+00	0.000000e+00	0.000000e+00	
51	1.000000e+00	0.000000e+00	0.000000e+00	0.000000e+00	
52	1.000000e+00	0.000000e+00	0.000000e+00	0.000000e+00	
53	1.000000e+00	0.000000e+00	0.000000e+00	0.000000e+00	
54	1.000000e+00	0.000000e+00	0.000000e+00	0.000000e+00	

Index   time            v1#branch       v2#branch       v3#branch       
--------------------------------------------------------------------------------
55	1.000000e+00	0.000000e+00	0.000000e+00	0.000000e+00	
56	1.000000e+00	0.000000e+00	0.000000e+00	0.000000e+00	
57	1.000000e+00	0.000000e+00	0.000000e+00	0.000000e+00	
58	1.000000e+00	0.000000e+00	0.000000e+00	0.000000e+00	
59	1.000000e+00	0.000000e+00	0.000000e+00	0.000000e+00	
60	1.000000e+00	0.000000e+00	0.000000e+00	0.000000e+00	
61	1.000000e+00	0.000000e+00	0.000000e+00	0.000000e+00	
62	1.000000e+00	0.000000e+00	0.000000e+00	0.000000e+00	
63	1.000000e+00	0.000000e+00	0.000000e+00	0.000000e+00	
64	1.000000e+00	0.000000e+00	0.000000e+00	0.000000e+00	
65	1.000000e+00	0.000000e+00	0.000000e+00	0.000000e+00	
66	1.000000e+00	0.000000e+00	0.000000e+00	0.000000e+00	
67	1.000000e+00	0.000000e+00	0.000000e+00	0.000000e+00	
68	1.000000e+00	0.000000e+00	0.000000e+00	0.000000e+00	
69	1.000000e+00	0.000000e+00	0.000000e+00	0.000000e+00	
70	1.000000e+00	0.000000e+00	0.000000e+00	0.000000e+00	
71	1.000000e+00	0.000000e+00	0.000000e+00	0.000000e+00	
72	1.000000e+00	0.000000e+00	0.000000e+00	0.000000e+00	
73	1.000000e+00	0.000000e+00	0.000000e+00	0.000000e+00	
74	1.000000e+00	0.000000e+00	0.000000e+00	0.000000e+00	
75	1.000001e+00	0.000000e+00	0.000000e+00	0.000000e+00	
76	1.000002e+00	0.000000e+00	0.000000e+00	0.000000e+00	
77	1.000003e+00	0.000000e+00	0.000000e+00	0.000000e+00	
78	1.000007e+00	0.000000e+00	0.000000e+00	0.000000e+00	
79	1.000013e+00	0.000000e+00	0.000000e+00	0.000000e+00	
80	1.000027e+00	0.000000e+00	0.000000e+00	0.000000e+00	
81	1.000054e+00	0.000000e+00	0.000000e+00	0.000000e+00	
82	1.000107e+00	0.000000e+00	0.000000e+00	0.000000e+00	
83	1.000215e+00	0.000000e+00	0.000000e+00	0.000000e+00	
84	1.000429e+00	0.000000e+00	0.000000e+00	0.000000e+00	
85	1.000859e+00	0.000000e+00	0.000000e+00	0.000000e+00	
86	1.001718e+00	0.000000e+00	0.000000e+00	0.000000e+00	
87	1.003436e+00	0.000000e+00	0.000000e+00	0.000000e+00	
88	1.006872e+00	0.000000e+00	0.000000e+00	0.000000e+00	
89	1.013744e+00	0.000000e+00	0.000000e+00	0.000000e+00	
90	1.027488e+00	0.000000e+00	0.000000e+00	0.000000e+00	
91	1.054976e+00	0.000000e+00	0.000000e+00	0.000000e+00	
92	1.109951e+00	0.000000e+00	0.000000e+00	0.000000e+00	
93	1.209951e+00	0.000000e+00	0.000000e+00	0.000000e+00	
94	1.309951e+00	0.000000e+00	0.000000e+00	0.000000e+00	
95	1.409951e+00	0.000000e+00	0.000000e+00	0.000000e+00	
96	1.509951e+00	0.000000e+00	0.000000e+00	0.000000e+00	
97	1.609951e+00	0.000000e+00	0.000000e+00	0.000000e+00	
98	1.709951e+00	0.000000e+00	0.000000e+00	0.000000e+00	
99	1.809951e+00	0.000000e+00	0.000000e+00	0.000000e+00	
100	1.909951e+00	0.000000e+00	0.000000e+00	0.000000e+00	
101	2.009951e+00	0.000000e+00	0.000000e+00	0.000000e+00	
102	2.109951e+00	0.000000e+00	0.000000e+00	0.000000e+00	
103	2.209951e+00	0.000000e+00	0.000000e+00	0.000000e+00	
104	2.309951e+00	0.000000e+00	0.000000e+00	0.000000e+00	
105	2.409951e+00	0.000000e+00	0.000000e+00	0.000000e+00	
106	2.509951e+00	0.000000e+00	0.000000e+00	0.000000e+00	
107	2.609951e+00	0.000000e+00	0.000000e+00	0.000000e+00	
108	2.709951e+00	0.000000e+00	0.000000e+00	0.000000e+00	
109	2.809951e+00	0.000000e+00	0.000000e+00	0.000000e+00	
110	2.909951e+00	0.000000e+00	0.000000e+00	0.000000e+00	
111	3.009951e+00	0.000000e+00	0.000000e+00	0.000000e+00	
112	3.109951e+00	0.000000e+00	0.000000e+00	0.000000e+00	

Index   time            v1#branch       v2#branch       v3#branch       
--------------------------------------------------------------------------------
113	3.209951e+00	0.000000e+00	0.000000e+00	0.000000e+00	
114	3.309951e+00	0.000000e+00	0.000000e+00	0.000000e+00	
115	3.409951e+00	0.000000e+00	0.000000e+00	0.000000e+00	
116	3.509951e+00	0.000000e+00	0.000000e+00	0.000000e+00	
117	3.609951e+00	0.000000e+00	0.000000e+00	0.000000e+00	
118	3.709951e+00	0.000000e+00	0.000000e+00	0.000000e+00	
119	3.809951e+00	0.000000e+00	0.000000e+00	0.000000e+00	
120	3.909951e+00	0.000000e+00	0.000000e+00	0.000000e+00	
121	4.009951e+00	0.000000e+00	0.000000e+00	0.000000e+00	
122	4.109951e+00	0.000000e+00	0.000000e+00	0.000000e+00	
123	4.209951e+00	0.000000e+00	0.000000e+00	0.000000e+00	
124	4.309951e+00	0.000000e+00	0.000000e+00	0.000000e+00	
125	4.409951e+00	0.000000e+00	0.000000e+00	0.000000e+00	
126	4.509951e+00	0.000000e+00	0.000000e+00	0.000000e+00	
127	4.609951e+00	0.000000e+00	0.000000e+00	0.000000e+00	
128	4.709951e+00	0.000000e+00	0.000000e+00	0.000000e+00	
129	4.809951e+00	0.000000e+00	0.000000e+00	0.000000e+00	
130	4.909951e+00	0.000000e+00	0.000000e+00	0.000000e+00	
131	5.009951e+00	0.000000e+00	0.000000e+00	0.000000e+00	
132	5.109951e+00	0.000000e+00	0.000000e+00	0.000000e+00	
133	5.209951e+00	0.000000e+00	0.000000e+00	0.000000e+00	
134	5.309951e+00	0.000000e+00	0.000000e+00	0.000000e+00	
135	5.409951e+00	0.000000e+00	0.000000e+00	0.000000e+00	
136	5.509951e+00	0.000000e+00	0.000000e+00	0.000000e+00	
137	5.609951e+00	0.000000e+00	0.000000e+00	0.000000e+00	
138	5.709951e+00	0.000000e+00	0.000000e+00	0.000000e+00	
139	5.809951e+00	0.000000e+00	0.000000e+00	0.000000e+00	
140	5.909951e+00	0.000000e+00	0.000000e+00	0.000000e+00	
141	6.009951e+00	0.000000e+00	0.000000e+00	0.000000e+00	
142	6.109951e+00	0.000000e+00	0.000000e+00	0.000000e+00	
143	6.209951e+00	0.000000e+00	0.000000e+00	0.000000e+00	
144	6.309951e+00	0.000000e+00	0.000000e+00	0.000000e+00	
145	6.409951e+00	0.000000e+00	0.000000e+00	0.000000e+00	
146	6.509951e+00	0.000000e+00	0.000000e+00	0.000000e+00	
147	6.609951e+00	0.000000e+00	0.000000e+00	0.000000e+00	
148	6.709951e+00	0.000000e+00	0.000000e+00	0.000000e+00	
149	6.809951e+00	0.000000e+00	0.000000e+00	0.000000e+00	
150	6.909951e+00	0.000000e+00	0.000000e+00	0.000000e+00	
151	7.009951e+00	0.000000e+00	0.000000e+00	0.000000e+00	
152	7.109951e+00	0.000000e+00	0.000000e+00	0.000000e+00	
153	7.209951e+00	0.000000e+00	0.000000e+00	0.000000e+00	
154	7.309951e+00	0.000000e+00	0.000000e+00	0.000000e+00	
155	7.409951e+00	0.000000e+00	0.000000e+00	0.000000e+00	
156	7.509951e+00	0.000000e+00	0.000000e+00	0.000000e+00	
157	7.609951e+00	0.000000e+00	0.000000e+00	0.000000e+00	
158	7.709951e+00	0.000000e+00	0.000000e+00	0.000000e+00	
159	7.809951e+00	0.000000e+00	0.000000e+00	0.000000e+00	
160	7.909951e+00	0.000000e+00	0.000000e+00	0.000000e+00	
161	8.009951e+00	0.000000e+00	0.000000e+00	0.000000e+00	
162	8.109951e+00	0.000000e+00	0.000000e+00	0.000000e+00	
163	8.209951e+00	0.000000e+00	0.000000e+00	0.000000e+00	
164	8.309951e+00	0.000000e+00	0.000000e+00	0.000000e+00	
165	8.409951e+00	0.000000e+00	0.000000e+00	0.000000e+00	
166	8.509951e+00	0.000000e+00	0.000000e+00	0.000000e+00	
167	8.609951e+00	0.000000e+00	0.000000e+00	0.000000e+00	
168	8.709951e+00	0.000000e+00	0.000000e+00	0.000000e+00	
169	8.809951e+00	0.000000e+00	0.000000e+00	0.000000e+00	
170	8.909951e+00	0.000000e+00	0.000000e+00	0.000000e+00	

Index   time            v1#branch       v2#branch       v3#branch       
--------------------------------------------------------------------------------
171	9.009951e+00	0.000000e+00	0.000000e+00	0.000000e+00	
172	9.109951e+00	0.000000e+00	0.000000e+00	0.000000e+00	
173	9.209951e+00	0.000000e+00	0.000000e+00	0.000000e+00	
174	9.309951e+00	0.000000e+00	0.000000e+00	0.000000e+00	
175	9.409951e+00	0.000000e+00	0.000000e+00	0.000000e+00	
176	9.509951e+00	0.000000e+00	0.000000e+00	0.000000e+00	
177	9.609951e+00	0.000000e+00	0.000000e+00	0.000000e+00	
178	9.709951e+00	0.000000e+00	0.000000e+00	0.000000e+00	
179	9.809951e+00	0.000000e+00	0.000000e+00	0.000000e+00	
180	9.909951e+00	0.000000e+00	0.000000e+00	0.000000e+00	
181	1.000995e+01	0.000000e+00	0.000000e+00	0.000000e+00	
182	1.010995e+01	0.000000e+00	0.000000e+00	0.000000e+00	
183	1.020995e+01	0.000000e+00	0.000000e+00	0.000000e+00	
184	1.030995e+01	0.000000e+00	0.000000e+00	0.000000e+00	
185	1.040995e+01	0.000000e+00	0.000000e+00	0.000000e+00	
186	1.050995e+01	0.000000e+00	0.000000e+00	0.000000e+00	
187	1.060995e+01	0.000000e+00	0.000000e+00	0.000000e+00	
188	1.070995e+01	0.000000e+00	0.000000e+00	0.000000e+00	
189	1.080995e+01	0.000000e+00	0.000000e+00	0.000000e+00	
190	1.090995e+01	0.000000e+00	0.000000e+00	0.000000e+00	
191	1.100995e+01	0.000000e+00	0.000000e+00	0.000000e+00	
192	1.110995e+01	0.000000e+00	0.000000e+00	0.000000e+00	
193	1.120995e+01	0.000000e+00	0.000000e+00	0.000000e+00	
194	1.130995e+01	0.000000e+00	0.000000e+00	0.000000e+00	
195	1.140995e+01	0.000000e+00	0.000000e+00	0.000000e+00	
196	1.150995e+01	0.000000e+00	0.000000e+00	0.000000e+00	
197	1.160995e+01	0.000000e+00	0.000000e+00	0.000000e+00	
198	1.170995e+01	0.000000e+00	0.000000e+00	0.000000e+00	
199	1.180995e+01	0.000000e+00	0.000000e+00	0.000000e+00	
200	1.190995e+01	0.000000e+00	0.000000e+00	0.000000e+00	
201	1.200995e+01	0.000000e+00	0.000000e+00	0.000000e+00	
202	1.210995e+01	0.000000e+00	0.000000e+00	0.000000e+00	
203	1.220995e+01	0.000000e+00	0.000000e+00	0.000000e+00	
204	1.230995e+01	0.000000e+00	0.000000e+00	0.000000e+00	
205	1.240995e+01	0.000000e+00	0.000000e+00	0.000000e+00	
206	1.250995e+01	0.000000e+00	0.000000e+00	0.000000e+00	
207	1.260995e+01	0.000000e+00	0.000000e+00	0.000000e+00	
208	1.270995e+01	0.000000e+00	0.000000e+00	0.000000e+00	
209	1.280995e+01	0.000000e+00	0.000000e+00	0.000000e+00	
210	1.290995e+01	0.000000e+00	0.000000e+00	0.000000e+00	
211	1.300995e+01	0.000000e+00	0.000000e+00	0.000000e+00	
212	1.310995e+01	0.000000e+00	0.000000e+00	0.000000e+00	
213	1.320995e+01	0.000000e+00	0.000000e+00	0.000000e+00	
214	1.330995e+01	0.000000e+00	0.000000e+00	0.000000e+00	
215	1.340995e+01	0.000000e+00	0.000000e+00	0.000000e+00	
216	1.350995e+01	0.000000e+00	0.000000e+00	0.000000e+00	
217	1.360995e+01	0.000000e+00	0.000000e+00	0.000000e+00	
218	1.370995e+01	0.000000e+00	0.000000e+00	0.000000e+00	
219	1.380995e+01	0.000000e+00	0.000000e+00	0.000000e+00	
220	1.390995e+01	0.000000e+00	0.000000e+00	0.000000e+00	
221	1.400995e+01	0.000000e+00	0.000000e+00	0.000000e+00	
222	1.410995e+01	0.000000e+00	0.000000e+00	0.000000e+00	
223	1.420995e+01	0.000000e+00	0.000000e+00	0.000000e+00	
224	1.430995e+01	0.000000e+00	0.000000e+00	0.000000e+00	
225	1.440995e+01	0.000000e+00	0.000000e+00	0.000000e+00	
226	1.450995e+01	0.000000e+00	0.000000e+00	0.000000e+00	
227	1.460995e+01	0.000000e+00	0.000000e+00	0.000000e+00	
228	1.470995e+01	0.000000e+00	0.000000e+00	0.000000e+00	

Index   time            v1#branch       v2#branch       v3#branch       
--------------------------------------------------------------------------------
229	1.480995e+01	0.000000e+00	0.000000e+00	0.000000e+00	
230	1.490995e+01	0.000000e+00	0.000000e+00	0.000000e+00	
231	1.500995e+01	0.000000e+00	0.000000e+00	0.000000e+00	
232	1.510995e+01	0.000000e+00	0.000000e+00	0.000000e+00	
233	1.520995e+01	0.000000e+00	0.000000e+00	0.000000e+00	
234	1.530995e+01	0.000000e+00	0.000000e+00	0.000000e+00	
235	1.540995e+01	0.000000e+00	0.000000e+00	0.000000e+00	
236	1.550995e+01	0.000000e+00	0.000000e+00	0.000000e+00	
237	1.560995e+01	0.000000e+00	0.000000e+00	0.000000e+00	
238	1.570995e+01	0.000000e+00	0.000000e+00	0.000000e+00	
239	1.580995e+01	0.000000e+00	0.000000e+00	0.000000e+00	
240	1.590995e+01	0.000000e+00	0.000000e+00	0.000000e+00	
241	1.600995e+01	0.000000e+00	0.000000e+00	0.000000e+00	
242	1.610995e+01	0.000000e+00	0.000000e+00	0.000000e+00	
243	1.620995e+01	0.000000e+00	0.000000e+00	0.000000e+00	
244	1.630995e+01	0.000000e+00	0.000000e+00	0.000000e+00	
245	1.640995e+01	0.000000e+00	0.000000e+00	0.000000e+00	
246	1.650995e+01	0.000000e+00	0.000000e+00	0.000000e+00	
247	1.660995e+01	0.000000e+00	0.000000e+00	0.000000e+00	
248	1.670995e+01	0.000000e+00	0.000000e+00	0.000000e+00	
249	1.680995e+01	0.000000e+00	0.000000e+00	0.000000e+00	
250	1.690995e+01	0.000000e+00	0.000000e+00	0.000000e+00	
251	1.700995e+01	0.000000e+00	0.000000e+00	0.000000e+00	
252	1.710995e+01	0.000000e+00	0.000000e+00	0.000000e+00	
253	1.720995e+01	0.000000e+00	0.000000e+00	0.000000e+00	
254	1.730995e+01	0.000000e+00	0.000000e+00	0.000000e+00	
255	1.740995e+01	0.000000e+00	0.000000e+00	0.000000e+00	
256	1.750995e+01	0.000000e+00	0.000000e+00	0.000000e+00	
257	1.760995e+01	0.000000e+00	0.000000e+00	0.000000e+00	
258	1.770995e+01	0.000000e+00	0.000000e+00	0.000000e+00	
259	1.780995e+01	0.000000e+00	0.000000e+00	0.000000e+00	
260	1.790995e+01	0.000000e+00	0.000000e+00	0.000000e+00	
261	1.800995e+01	0.000000e+00	0.000000e+00	0.000000e+00	
262	1.810995e+01	0.000000e+00	0.000000e+00	0.000000e+00	
263	1.820995e+01	0.000000e+00	0.000000e+00	0.000000e+00	
264	1.830995e+01	0.000000e+00	0.000000e+00	0.000000e+00	
265	1.840995e+01	0.000000e+00	0.000000e+00	0.000000e+00	
266	1.850995e+01	0.000000e+00	0.000000e+00	0.000000e+00	
267	1.860995e+01	0.000000e+00	0.000000e+00	0.000000e+00	
268	1.870995e+01	0.000000e+00	0.000000e+00	0.000000e+00	
269	1.880995e+01	0.000000e+00	0.000000e+00	0.000000e+00	
270	1.890995e+01	0.000000e+00	0.000000e+00	0.000000e+00	
271	1.900995e+01	0.000000e+00	0.000000e+00	0.000000e+00	
272	1.910995e+01	0.000000e+00	0.000000e+00	0.000000e+00	
273	1.920995e+01	0.000000e+00	0.000000e+00	0.000000e+00	
274	1.930995e+01	0.000000e+00	0.000000e+00	0.000000e+00	
275	1.940995e+01	0.000000e+00	0.000000e+00	0.000000e+00	
276	1.950995e+01	0.000000e+00	0.000000e+00	0.000000e+00	
277	1.960995e+01	0.000000e+00	0.000000e+00	0.000000e+00	
278	1.970995e+01	0.000000e+00	0.000000e+00	0.000000e+00	
279	1.980995e+01	0.000000e+00	0.000000e+00	0.000000e+00	
280	1.990995e+01	0.000000e+00	0.000000e+00	0.000000e+00	
281	2.000995e+01	0.000000e+00	0.000000e+00	0.000000e+00	
282	2.010995e+01	0.000000e+00	0.000000e+00	0.000000e+00	
283	2.020995e+01	0.000000e+00	0.000000e+00	0.000000e+00	
284	2.030995e+01	0.000000e+00	0.000000e+00	0.000000e+00	
285	2.040995e+01	0.000000e+00	0.000000e+00	0.000000e+00	
286	2.050995e+01	0.000000e+00	0.000000e+00	0.000000e+00	

Index   time            v1#branch       v2#branch       v3#branch       
--------------------------------------------------------------------------------
287	2.060995e+01	0.000000e+00	0.000000e+00	0.000000e+00	
288	2.070995e+01	0.000000e+00	0.000000e+00	0.000000e+00	
289	2.080995e+01	0.000000e+00	0.000000e+00	0.000000e+00	
290	2.090995e+01	0.000000e+00	0.000000e+00	0.000000e+00	
291	2.100995e+01	0.000000e+00	0.000000e+00	0.000000e+00	
292	2.110995e+01	0.000000e+00	0.000000e+00	0.000000e+00	
293	2.120995e+01	0.000000e+00	0.000000e+00	0.000000e+00	
294	2.130995e+01	0.000000e+00	0.000000e+00	0.000000e+00	
295	2.140995e+01	0.000000e+00	0.000000e+00	0.000000e+00	
296	2.150995e+01	0.000000e+00	0.000000e+00	0.000000e+00	
297	2.160995e+01	0.000000e+00	0.000000e+00	0.000000e+00	
298	2.170995e+01	0.000000e+00	0.000000e+00	0.000000e+00	
299	2.180995e+01	0.000000e+00	0.000000e+00	0.000000e+00	
300	2.190995e+01	0.000000e+00	0.000000e+00	0.000000e+00	
301	2.200995e+01	0.000000e+00	0.000000e+00	0.000000e+00	
302	2.210995e+01	0.000000e+00	0.000000e+00	0.000000e+00	
303	2.220995e+01	0.000000e+00	0.000000e+00	0.000000e+00	
304	2.230995e+01	0.000000e+00	0.000000e+00	0.000000e+00	
305	2.240995e+01	0.000000e+00	0.000000e+00	0.000000e+00	
306	2.250995e+01	0.000000e+00	0.000000e+00	0.000000e+00	
307	2.260995e+01	0.000000e+00	0.000000e+00	0.000000e+00	
308	2.270995e+01	0.000000e+00	0.000000e+00	0.000000e+00	
309	2.280995e+01	0.000000e+00	0.000000e+00	0.000000e+00	
310	2.290995e+01	0.000000e+00	0.000000e+00	0.000000e+00	
311	2.300995e+01	0.000000e+00	0.000000e+00	0.000000e+00	
312	2.310995e+01	0.000000e+00	0.000000e+00	0.000000e+00	
313	2.320995e+01	0.000000e+00	0.000000e+00	0.000000e+00	
314	2.330995e+01	0.000000e+00	0.000000e+00	0.000000e+00	
315	2.340995e+01	0.000000e+00	0.000000e+00	0.000000e+00	
316	2.350995e+01	0.000000e+00	0.000000e+00	0.000000e+00	
317	2.360995e+01	0.000000e+00	0.000000e+00	0.000000e+00	
318	2.370995e+01	0.000000e+00	0.000000e+00	0.000000e+00	
319	2.380995e+01	0.000000e+00	0.000000e+00	0.000000e+00	
320	2.390995e+01	0.000000e+00	0.000000e+00	0.000000e+00	
321	2.400995e+01	0.000000e+00	0.000000e+00	0.000000e+00	
322	2.410995e+01	0.000000e+00	0.000000e+00	0.000000e+00	
323	2.420995e+01	0.000000e+00	0.000000e+00	0.000000e+00	
324	2.430995e+01	0.000000e+00	0.000000e+00	0.000000e+00	
325	2.440995e+01	0.000000e+00	0.000000e+00	0.000000e+00	
326	2.450995e+01	0.000000e+00	0.000000e+00	0.000000e+00	
327	2.460995e+01	0.000000e+00	0.000000e+00	0.000000e+00	
328	2.470995e+01	0.000000e+00	0.000000e+00	0.000000e+00	
329	2.480995e+01	0.000000e+00	0.000000e+00	0.000000e+00	
330	2.490995e+01	0.000000e+00	0.000000e+00	0.000000e+00	
331	2.500995e+01	0.000000e+00	0.000000e+00	0.000000e+00	
332	2.510995e+01	0.000000e+00	0.000000e+00	0.000000e+00	
333	2.520995e+01	0.000000e+00	0.000000e+00	0.000000e+00	
334	2.530995e+01	0.000000e+00	0.000000e+00	0.000000e+00	
335	2.540995e+01	0.000000e+00	0.000000e+00	0.000000e+00	
336	2.550995e+01	0.000000e+00	0.000000e+00	0.000000e+00	
337	2.560995e+01	0.000000e+00	0.000000e+00	0.000000e+00	
338	2.570995e+01	0.000000e+00	0.000000e+00	0.000000e+00	
339	2.580995e+01	0.000000e+00	0.000000e+00	0.000000e+00	
340	2.590995e+01	0.000000e+00	0.000000e+00	0.000000e+00	
341	2.600995e+01	0.000000e+00	0.000000e+00	0.000000e+00	
342	2.610995e+01	0.000000e+00	0.000000e+00	0.000000e+00	
343	2.620995e+01	0.000000e+00	0.000000e+00	0.000000e+00	
344	2.630995e+01	0.000000e+00	0.000000e+00	0.000000e+00	

Index   time            v1#branch       v2#branch       v3#branch       
--------------------------------------------------------------------------------
345	2.640995e+01	0.000000e+00	0.000000e+00	0.000000e+00	
346	2.650995e+01	0.000000e+00	0.000000e+00	0.000000e+00	
347	2.660995e+01	0.000000e+00	0.000000e+00	0.000000e+00	
348	2.670995e+01	0.000000e+00	0.000000e+00	0.000000e+00	
349	2.680995e+01	0.000000e+00	0.000000e+00	0.000000e+00	
350	2.690995e+01	0.000000e+00	0.000000e+00	0.000000e+00	
351	2.700995e+01	0.000000e+00	0.000000e+00	0.000000e+00	
352	2.710995e+01	0.000000e+00	0.000000e+00	0.000000e+00	
353	2.720995e+01	0.000000e+00	0.000000e+00	0.000000e+00	
354	2.730995e+01	0.000000e+00	0.000000e+00	0.000000e+00	
355	2.740995e+01	0.000000e+00	0.000000e+00	0.000000e+00	
356	2.750995e+01	0.000000e+00	0.000000e+00	0.000000e+00	
357	2.760995e+01	0.000000e+00	0.000000e+00	0.000000e+00	
358	2.770995e+01	0.000000e+00	0.000000e+00	0.000000e+00	
359	2.780995e+01	0.000000e+00	0.000000e+00	0.000000e+00	
360	2.790995e+01	0.000000e+00	0.000000e+00	0.000000e+00	
361	2.800995e+01	0.000000e+00	0.000000e+00	0.000000e+00	
362	2.810995e+01	0.000000e+00	0.000000e+00	0.000000e+00	
363	2.820995e+01	0.000000e+00	0.000000e+00	0.000000e+00	
364	2.830995e+01	0.000000e+00	0.000000e+00	0.000000e+00	
365	2.840995e+01	0.000000e+00	0.000000e+00	0.000000e+00	
366	2.850995e+01	0.000000e+00	0.000000e+00	0.000000e+00	
367	2.860995e+01	0.000000e+00	0.000000e+00	0.000000e+00	
368	2.870995e+01	0.000000e+00	0.000000e+00	0.000000e+00	
369	2.880995e+01	0.000000e+00	0.000000e+00	0.000000e+00	
370	2.890995e+01	0.000000e+00	0.000000e+00	0.000000e+00	
371	2.900995e+01	0.000000e+00	0.000000e+00	0.000000e+00	
372	2.910995e+01	0.000000e+00	0.000000e+00	0.000000e+00	
373	2.920995e+01	0.000000e+00	0.000000e+00	0.000000e+00	
374	2.930995e+01	0.000000e+00	0.000000e+00	0.000000e+00	
375	2.940995e+01	0.000000e+00	0.000000e+00	0.000000e+00	
376	2.950995e+01	0.000000e+00	0.000000e+00	0.000000e+00	
377	2.960995e+01	0.000000e+00	0.000000e+00	0.000000e+00	
378	2.970995e+01	0.000000e+00	0.000000e+00	0.000000e+00	
379	2.980995e+01	0.000000e+00	0.000000e+00	0.000000e+00	
380	2.990995e+01	0.000000e+00	0.000000e+00	0.000000e+00	
381	3.000995e+01	0.000000e+00	0.000000e+00	0.000000e+00	
382	3.010995e+01	0.000000e+00	0.000000e+00	0.000000e+00	
383	3.020995e+01	0.000000e+00	0.000000e+00	0.000000e+00	
384	3.030995e+01	0.000000e+00	0.000000e+00	0.000000e+00	
385	3.040995e+01	0.000000e+00	0.000000e+00	0.000000e+00	
386	3.050995e+01	0.000000e+00	0.000000e+00	0.000000e+00	
387	3.060995e+01	0.000000e+00	0.000000e+00	0.000000e+00	
388	3.070995e+01	0.000000e+00	0.000000e+00	0.000000e+00	
389	3.080995e+01	0.000000e+00	0.000000e+00	0.000000e+00	
390	3.090995e+01	0.000000e+00	0.000000e+00	0.000000e+00	
391	3.100995e+01	0.000000e+00	0.000000e+00	0.000000e+00	
392	3.110995e+01	0.000000e+00	0.000000e+00	0.000000e+00	
393	3.120995e+01	0.000000e+00	0.000000e+00	0.000000e+00	
394	3.130995e+01	0.000000e+00	0.000000e+00	0.000000e+00	
395	3.140995e+01	0.000000e+00	0.000000e+00	0.000000e+00	
396	3.150995e+01	0.000000e+00	0.000000e+00	0.000000e+00	
397	3.160995e+01	0.000000e+00	0.000000e+00	0.000000e+00	
398	3.170995e+01	0.000000e+00	0.000000e+00	0.000000e+00	
399	3.180995e+01	0.000000e+00	0.000000e+00	0.000000e+00	
400	3.190995e+01	0.000000e+00	0.000000e+00	0.000000e+00	
401	3.200995e+01	0.000000e+00	0.000000e+00	0.000000e+00	
402	3.210995e+01	0.000000e+00	0.000000e+00	0.000000e+00	

Index   time            v1#branch       v2#branch       v3#branch       
--------------------------------------------------------------------------------
403	3.220995e+01	0.000000e+00	0.000000e+00	0.000000e+00	
404	3.230995e+01	0.000000e+00	0.000000e+00	0.000000e+00	
405	3.240995e+01	0.000000e+00	0.000000e+00	0.000000e+00	
406	3.250995e+01	0.000000e+00	0.000000e+00	0.000000e+00	
407	3.260995e+01	0.000000e+00	0.000000e+00	0.000000e+00	
408	3.270995e+01	0.000000e+00	0.000000e+00	0.000000e+00	
409	3.280995e+01	0.000000e+00	0.000000e+00	0.000000e+00	
410	3.290995e+01	0.000000e+00	0.000000e+00	0.000000e+00	
411	3.300995e+01	0.000000e+00	0.000000e+00	0.000000e+00	
412	3.310995e+01	0.000000e+00	0.000000e+00	0.000000e+00	
413	3.320995e+01	0.000000e+00	0.000000e+00	0.000000e+00	
414	3.330995e+01	0.000000e+00	0.000000e+00	0.000000e+00	
415	3.340995e+01	0.000000e+00	0.000000e+00	0.000000e+00	
416	3.350995e+01	0.000000e+00	0.000000e+00	0.000000e+00	
417	3.360995e+01	0.000000e+00	0.000000e+00	0.000000e+00	
418	3.370995e+01	0.000000e+00	0.000000e+00	0.000000e+00	
419	3.380995e+01	0.000000e+00	0.000000e+00	0.000000e+00	
420	3.390995e+01	0.000000e+00	0.000000e+00	0.000000e+00	
421	3.400995e+01	0.000000e+00	0.000000e+00	0.000000e+00	
422	3.410995e+01	0.000000e+00	0.000000e+00	0.000000e+00	
423	3.420995e+01	0.000000e+00	0.000000e+00	0.000000e+00	
424	3.430995e+01	0.000000e+00	0.000000e+00	0.000000e+00	
425	3.440995e+01	0.000000e+00	0.000000e+00	0.000000e+00	
426	3.450995e+01	0.000000e+00	0.000000e+00	0.000000e+00	
427	3.460995e+01	0.000000e+00	0.000000e+00	0.000000e+00	
428	3.470995e+01	0.000000e+00	0.000000e+00	0.000000e+00	
429	3.480995e+01	0.000000e+00	0.000000e+00	0.000000e+00	
430	3.490995e+01	0.000000e+00	0.000000e+00	0.000000e+00	
431	3.500995e+01	0.000000e+00	0.000000e+00	0.000000e+00	
432	3.510995e+01	0.000000e+00	0.000000e+00	0.000000e+00	
433	3.520995e+01	0.000000e+00	0.000000e+00	0.000000e+00	
434	3.530995e+01	0.000000e+00	0.000000e+00	0.000000e+00	
435	3.540995e+01	0.000000e+00	0.000000e+00	0.000000e+00	
436	3.550995e+01	0.000000e+00	0.000000e+00	0.000000e+00	
437	3.560995e+01	0.000000e+00	0.000000e+00	0.000000e+00	
438	3.570995e+01	0.000000e+00	0.000000e+00	0.000000e+00	
439	3.580995e+01	0.000000e+00	0.000000e+00	0.000000e+00	
440	3.590995e+01	0.000000e+00	0.000000e+00	0.000000e+00	
441	3.600995e+01	0.000000e+00	0.000000e+00	0.000000e+00	
442	3.610995e+01	0.000000e+00	0.000000e+00	0.000000e+00	
443	3.620995e+01	0.000000e+00	0.000000e+00	0.000000e+00	
444	3.630995e+01	0.000000e+00	0.000000e+00	0.000000e+00	
445	3.640995e+01	0.000000e+00	0.000000e+00	0.000000e+00	
446	3.650995e+01	0.000000e+00	0.000000e+00	0.000000e+00	
447	3.660995e+01	0.000000e+00	0.000000e+00	0.000000e+00	
448	3.670995e+01	0.000000e+00	0.000000e+00	0.000000e+00	
449	3.680995e+01	0.000000e+00	0.000000e+00	0.000000e+00	
450	3.690995e+01	0.000000e+00	0.000000e+00	0.000000e+00	
451	3.700995e+01	0.000000e+00	0.000000e+00	0.000000e+00	
452	3.710995e+01	0.000000e+00	0.000000e+00	0.000000e+00	
453	3.720995e+01	0.000000e+00	0.000000e+00	0.000000e+00	
454	3.730995e+01	0.000000e+00	0.000000e+00	0.000000e+00	
455	3.740995e+01	0.000000e+00	0.000000e+00	0.000000e+00	
456	3.750995e+01	0.000000e+00	0.000000e+00	0.000000e+00	
457	3.760995e+01	0.000000e+00	0.000000e+00	0.000000e+00	
458	3.770995e+01	0.000000e+00	0.000000e+00	0.000000e+00	
459	3.780995e+01	0.000000e+00	0.000000e+00	0.000000e+00	
460	3.790995e+01	0.000000e+00	0.000000e+00	0.000000e+00	

Index   time            v1#branch       v2#branch       v3#branch       
--------------------------------------------------------------------------------
461	3.800995e+01	0.000000e+00	0.000000e+00	0.000000e+00	
462	3.810995e+01	0.000000e+00	0.000000e+00	0.000000e+00	
463	3.820995e+01	0.000000e+00	0.000000e+00	0.000000e+00	
464	3.830995e+01	0.000000e+00	0.000000e+00	0.000000e+00	
465	3.840995e+01	0.000000e+00	0.000000e+00	0.000000e+00	
466	3.850995e+01	0.000000e+00	0.000000e+00	0.000000e+00	
467	3.860995e+01	0.000000e+00	0.000000e+00	0.000000e+00	
468	3.870995e+01	0.000000e+00	0.000000e+00	0.000000e+00	
469	3.880995e+01	0.000000e+00	0.000000e+00	0.000000e+00	
470	3.890995e+01	0.000000e+00	0.000000e+00	0.000000e+00	
471	3.900995e+01	0.000000e+00	0.000000e+00	0.000000e+00	
472	3.910995e+01	0.000000e+00	0.000000e+00	0.000000e+00	
473	3.920995e+01	0.000000e+00	0.000000e+00	0.000000e+00	
474	3.930995e+01	0.000000e+00	0.000000e+00	0.000000e+00	
475	3.940995e+01	0.000000e+00	0.000000e+00	0.000000e+00	
476	3.950995e+01	0.000000e+00	0.000000e+00	0.000000e+00	
477	3.960995e+01	0.000000e+00	0.000000e+00	0.000000e+00	
478	3.970995e+01	0.000000e+00	0.000000e+00	0.000000e+00	
479	3.980995e+01	0.000000e+00	0.000000e+00	0.000000e+00	
480	3.990995e+01	0.000000e+00	0.000000e+00	0.000000e+00	
481	4.000995e+01	0.000000e+00	0.000000e+00	0.000000e+00	
482	4.010995e+01	0.000000e+00	0.000000e+00	0.000000e+00	
483	4.020995e+01	0.000000e+00	0.000000e+00	0.000000e+00	
484	4.030995e+01	0.000000e+00	0.000000e+00	0.000000e+00	
485	4.040995e+01	0.000000e+00	0.000000e+00	0.000000e+00	
486	4.050995e+01	0.000000e+00	0.000000e+00	0.000000e+00	
487	4.060995e+01	0.000000e+00	0.000000e+00	0.000000e+00	
488	4.070995e+01	0.000000e+00	0.000000e+00	0.000000e+00	
489	4.080995e+01	0.000000e+00	0.000000e+00	0.000000e+00	
490	4.090995e+01	0.000000e+00	0.000000e+00	0.000000e+00	
491	4.100995e+01	0.000000e+00	0.000000e+00	0.000000e+00	
492	4.110995e+01	0.000000e+00	0.000000e+00	0.000000e+00	
493	4.120995e+01	0.000000e+00	0.000000e+00	0.000000e+00	
494	4.130995e+01	0.000000e+00	0.000000e+00	0.000000e+00	
495	4.140995e+01	0.000000e+00	0.000000e+00	0.000000e+00	
496	4.150995e+01	0.000000e+00	0.000000e+00	0.000000e+00	
497	4.160995e+01	0.000000e+00	0.000000e+00	0.000000e+00	
498	4.170995e+01	0.000000e+00	0.000000e+00	0.000000e+00	
499	4.180995e+01	0.000000e+00	0.000000e+00	0.000000e+00	
500	4.190995e+01	0.000000e+00	0.000000e+00	0.000000e+00	
501	4.200995e+01	0.000000e+00	0.000000e+00	0.000000e+00	
502	4.210995e+01	0.000000e+00	0.000000e+00	0.000000e+00	
503	4.220995e+01	0.000000e+00	0.000000e+00	0.000000e+00	
504	4.230995e+01	0.000000e+00	0.000000e+00	0.000000e+00	
505	4.240995e+01	0.000000e+00	0.000000e+00	0.000000e+00	
506	4.250995e+01	0.000000e+00	0.000000e+00	0.000000e+00	
507	4.260995e+01	0.000000e+00	0.000000e+00	0.000000e+00	
508	4.270995e+01	0.000000e+00	0.000000e+00	0.000000e+00	
509	4.280995e+01	0.000000e+00	0.000000e+00	0.000000e+00	
510	4.290995e+01	0.000000e+00	0.000000e+00	0.000000e+00	
511	4.300995e+01	0.000000e+00	0.000000e+00	0.000000e+00	
512	4.310995e+01	0.000000e+00	0.000000e+00	0.000000e+00	
513	4.320995e+01	0.000000e+00	0.000000e+00	0.000000e+00	
514	4.330995e+01	0.000000e+00	0.000000e+00	0.000000e+00	
515	4.340995e+01	0.000000e+00	0.000000e+00	0.000000e+00	
516	4.350995e+01	0.000000e+00	0.000000e+00	0.000000e+00	
517	4.360995e+01	0.000000e+00	0.000000e+00	0.000000e+00	
518	4.370995e+01	0.000000e+00	0.000000e+00	0.000000e+00	

Index   time            v1#branch       v2#branch       v3#branch       
--------------------------------------------------------------------------------
519	4.380995e+01	0.000000e+00	0.000000e+00	0.000000e+00	
520	4.390995e+01	0.000000e+00	0.000000e+00	0.000000e+00	
521	4.400995e+01	0.000000e+00	0.000000e+00	0.000000e+00	
522	4.410995e+01	0.000000e+00	0.000000e+00	0.000000e+00	
523	4.420995e+01	0.000000e+00	0.000000e+00	0.000000e+00	
524	4.430995e+01	0.000000e+00	0.000000e+00	0.000000e+00	
525	4.440995e+01	0.000000e+00	0.000000e+00	0.000000e+00	
526	4.450995e+01	0.000000e+00	0.000000e+00	0.000000e+00	
527	4.460995e+01	0.000000e+00	0.000000e+00	0.000000e+00	
528	4.470995e+01	0.000000e+00	0.000000e+00	0.000000e+00	
529	4.480995e+01	0.000000e+00	0.000000e+00	0.000000e+00	
530	4.490995e+01	0.000000e+00	0.000000e+00	0.000000e+00	
531	4.500995e+01	0.000000e+00	0.000000e+00	0.000000e+00	
532	4.510995e+01	0.000000e+00	0.000000e+00	0.000000e+00	
533	4.520995e+01	0.000000e+00	0.000000e+00	0.000000e+00	
534	4.530995e+01	0.000000e+00	0.000000e+00	0.000000e+00	
535	4.540995e+01	0.000000e+00	0.000000e+00	0.000000e+00	
536	4.550995e+01	0.000000e+00	0.000000e+00	0.000000e+00	
537	4.560995e+01	0.000000e+00	0.000000e+00	0.000000e+00	
538	4.570995e+01	0.000000e+00	0.000000e+00	0.000000e+00	
539	4.580995e+01	0.000000e+00	0.000000e+00	0.000000e+00	
540	4.590995e+01	0.000000e+00	0.000000e+00	0.000000e+00	
541	4.600995e+01	0.000000e+00	0.000000e+00	0.000000e+00	
542	4.610995e+01	0.000000e+00	0.000000e+00	0.000000e+00	
543	4.620995e+01	0.000000e+00	0.000000e+00	0.000000e+00	
544	4.630995e+01	0.000000e+00	0.000000e+00	0.000000e+00	
545	4.640995e+01	0.000000e+00	0.000000e+00	0.000000e+00	
546	4.650995e+01	0.000000e+00	0.000000e+00	0.000000e+00	
547	4.660995e+01	0.000000e+00	0.000000e+00	0.000000e+00	
548	4.670995e+01	0.000000e+00	0.000000e+00	0.000000e+00	
549	4.680995e+01	0.000000e+00	0.000000e+00	0.000000e+00	
550	4.690995e+01	0.000000e+00	0.000000e+00	0.000000e+00	
551	4.700995e+01	0.000000e+00	0.000000e+00	0.000000e+00	
552	4.710995e+01	0.000000e+00	0.000000e+00	0.000000e+00	
553	4.720995e+01	0.000000e+00	0.000000e+00	0.000000e+00	
554	4.730995e+01	0.000000e+00	0.000000e+00	0.000000e+00	
555	4.740995e+01	0.000000e+00	0.000000e+00	0.000000e+00	
556	4.750995e+01	0.000000e+00	0.000000e+00	0.000000e+00	
557	4.760995e+01	0.000000e+00	0.000000e+00	0.000000e+00	
558	4.770995e+01	0.000000e+00	0.000000e+00	0.000000e+00	
559	4.780995e+01	0.000000e+00	0.000000e+00	0.000000e+00	
560	4.790995e+01	0.000000e+00	0.000000e+00	0.000000e+00	
561	4.800995e+01	0.000000e+00	0.000000e+00	0.000000e+00	
562	4.810995e+01	0.000000e+00	0.000000e+00	0.000000e+00	
563	4.820995e+01	0.000000e+00	0.000000e+00	0.000000e+00	
564	4.830995e+01	0.000000e+00	0.000000e+00	0.000000e+00	
565	4.840995e+01	0.000000e+00	0.000000e+00	0.000000e+00	
566	4.850995e+01	0.000000e+00	0.000000e+00	0.000000e+00	
567	4.860995e+01	0.000000e+00	0.000000e+00	0.000000e+00	
568	4.870995e+01	0.000000e+00	0.000000e+00	0.000000e+00	
569	4.880995e+01	0.000000e+00	0.000000e+00	0.000000e+00	
570	4.890995e+01	0.000000e+00	0.000000e+00	0.000000e+00	
571	4.900995e+01	0.000000e+00	0.000000e+00	0.000000e+00	
572	4.910995e+01	0.000000e+00	0.000000e+00	0.000000e+00	
573	4.920995e+01	0.000000e+00	0.000000e+00	0.000000e+00	
574	4.930995e+01	0.000000e+00	0.000000e+00	0.000000e+00	
575	4.940995e+01	0.000000e+00	0.000000e+00	0.000000e+00	
576	4.950995e+01	0.000000e+00	0.000000e+00	0.000000e+00	

Index   time            v1#branch       v2#branch       v3#branch       
--------------------------------------------------------------------------------
577	4.960995e+01	0.000000e+00	0.000000e+00	0.000000e+00	
578	4.970995e+01	0.000000e+00	0.000000e+00	0.000000e+00	
579	4.980995e+01	0.000000e+00	0.000000e+00	0.000000e+00	
580	4.990995e+01	0.000000e+00	0.000000e+00	0.000000e+00	
581	5.000995e+01	0.000000e+00	0.000000e+00	0.000000e+00	
582	5.010995e+01	0.000000e+00	0.000000e+00	0.000000e+00	
583	5.020995e+01	0.000000e+00	0.000000e+00	0.000000e+00	
584	5.030995e+01	0.000000e+00	0.000000e+00	0.000000e+00	
585	5.040995e+01	0.000000e+00	0.000000e+00	0.000000e+00	
586	5.050995e+01	0.000000e+00	0.000000e+00	0.000000e+00	
587	5.060995e+01	0.000000e+00	0.000000e+00	0.000000e+00	
588	5.070995e+01	0.000000e+00	0.000000e+00	0.000000e+00	
589	5.080995e+01	0.000000e+00	0.000000e+00	0.000000e+00	
590	5.090995e+01	0.000000e+00	0.000000e+00	0.000000e+00	
591	5.100995e+01	0.000000e+00	0.000000e+00	0.000000e+00	
592	5.110995e+01	0.000000e+00	0.000000e+00	0.000000e+00	
593	5.120995e+01	0.000000e+00	0.000000e+00	0.000000e+00	
594	5.130995e+01	0.000000e+00	0.000000e+00	0.000000e+00	
595	5.140995e+01	0.000000e+00	0.000000e+00	0.000000e+00	
596	5.150995e+01	0.000000e+00	0.000000e+00	0.000000e+00	
597	5.160995e+01	0.000000e+00	0.000000e+00	0.000000e+00	
598	5.170995e+01	0.000000e+00	0.000000e+00	0.000000e+00	
599	5.180995e+01	0.000000e+00	0.000000e+00	0.000000e+00	
600	5.190995e+01	0.000000e+00	0.000000e+00	0.000000e+00	
601	5.200995e+01	0.000000e+00	0.000000e+00	0.000000e+00	
602	5.210995e+01	0.000000e+00	0.000000e+00	0.000000e+00	
603	5.220995e+01	0.000000e+00	0.000000e+00	0.000000e+00	
604	5.230995e+01	0.000000e+00	0.000000e+00	0.000000e+00	
605	5.240995e+01	0.000000e+00	0.000000e+00	0.000000e+00	
606	5.250995e+01	0.000000e+00	0.000000e+00	0.000000e+00	
607	5.260995e+01	0.000000e+00	0.000000e+00	0.000000e+00	
608	5.270995e+01	0.000000e+00	0.000000e+00	0.000000e+00	
609	5.280995e+01	0.000000e+00	0.000000e+00	0.000000e+00	
610	5.290995e+01	0.000000e+00	0.000000e+00	0.000000e+00	
611	5.300995e+01	0.000000e+00	0.000000e+00	0.000000e+00	
612	5.310995e+01	0.000000e+00	0.000000e+00	0.000000e+00	
613	5.320995e+01	0.000000e+00	0.000000e+00	0.000000e+00	
614	5.330995e+01	0.000000e+00	0.000000e+00	0.000000e+00	
615	5.340995e+01	0.000000e+00	0.000000e+00	0.000000e+00	
616	5.350995e+01	0.000000e+00	0.000000e+00	0.000000e+00	
617	5.360995e+01	0.000000e+00	0.000000e+00	0.000000e+00	
618	5.370995e+01	0.000000e+00	0.000000e+00	0.000000e+00	
619	5.380995e+01	0.000000e+00	0.000000e+00	0.000000e+00	
620	5.390995e+01	0.000000e+00	0.000000e+00	0.000000e+00	
621	5.400995e+01	0.000000e+00	0.000000e+00	0.000000e+00	
622	5.410995e+01	0.000000e+00	0.000000e+00	0.000000e+00	
623	5.420995e+01	0.000000e+00	0.000000e+00	0.000000e+00	
624	5.430995e+01	0.000000e+00	0.000000e+00	0.000000e+00	
625	5.440995e+01	0.000000e+00	0.000000e+00	0.000000e+00	
626	5.450995e+01	0.000000e+00	0.000000e+00	0.000000e+00	
627	5.460995e+01	0.000000e+00	0.000000e+00	0.000000e+00	
628	5.470995e+01	0.000000e+00	0.000000e+00	0.000000e+00	
629	5.480995e+01	0.000000e+00	0.000000e+00	0.000000e+00	
630	5.490995e+01	0.000000e+00	0.000000e+00	0.000000e+00	
631	5.500995e+01	0.000000e+00	0.000000e+00	0.000000e+00	
632	5.510995e+01	0.000000e+00	0.000000e+00	0.000000e+00	
633	5.520995e+01	0.000000e+00	0.000000e+00	0.000000e+00	
634	5.530995e+01	0.000000e+00	0.000000e+00	0.000000e+00	

Index   time            v1#branch       v2#branch       v3#branch       
--------------------------------------------------------------------------------
635	5.540995e+01	0.000000e+00	0.000000e+00	0.000000e+00	
636	5.550995e+01	0.000000e+00	0.000000e+00	0.000000e+00	
637	5.560995e+01	0.000000e+00	0.000000e+00	0.000000e+00	
638	5.570995e+01	0.000000e+00	0.000000e+00	0.000000e+00	
639	5.580995e+01	0.000000e+00	0.000000e+00	0.000000e+00	
640	5.590995e+01	0.000000e+00	0.000000e+00	0.000000e+00	
641	5.600995e+01	0.000000e+00	0.000000e+00	0.000000e+00	
642	5.610995e+01	0.000000e+00	0.000000e+00	0.000000e+00	
643	5.620995e+01	0.000000e+00	0.000000e+00	0.000000e+00	
644	5.630995e+01	0.000000e+00	0.000000e+00	0.000000e+00	
645	5.640995e+01	0.000000e+00	0.000000e+00	0.000000e+00	
646	5.650995e+01	0.000000e+00	0.000000e+00	0.000000e+00	
647	5.660995e+01	0.000000e+00	0.000000e+00	0.000000e+00	
648	5.670995e+01	0.000000e+00	0.000000e+00	0.000000e+00	
649	5.680995e+01	0.000000e+00	0.000000e+00	0.000000e+00	
650	5.690995e+01	0.000000e+00	0.000000e+00	0.000000e+00	
651	5.700995e+01	0.000000e+00	0.000000e+00	0.000000e+00	
652	5.710995e+01	0.000000e+00	0.000000e+00	0.000000e+00	
653	5.720995e+01	0.000000e+00	0.000000e+00	0.000000e+00	
654	5.730995e+01	0.000000e+00	0.000000e+00	0.000000e+00	
655	5.740995e+01	0.000000e+00	0.000000e+00	0.000000e+00	
656	5.750995e+01	0.000000e+00	0.000000e+00	0.000000e+00	
657	5.760995e+01	0.000000e+00	0.000000e+00	0.000000e+00	
658	5.770995e+01	0.000000e+00	0.000000e+00	0.000000e+00	
659	5.780995e+01	0.000000e+00	0.000000e+00	0.000000e+00	
660	5.790995e+01	0.000000e+00	0.000000e+00	0.000000e+00	
661	5.800995e+01	0.000000e+00	0.000000e+00	0.000000e+00	
662	5.810995e+01	0.000000e+00	0.000000e+00	0.000000e+00	
663	5.820995e+01	0.000000e+00	0.000000e+00	0.000000e+00	
664	5.830995e+01	0.000000e+00	0.000000e+00	0.000000e+00	
665	5.840995e+01	0.000000e+00	0.000000e+00	0.000000e+00	
666	5.850995e+01	0.000000e+00	0.000000e+00	0.000000e+00	
667	5.860995e+01	0.000000e+00	0.000000e+00	0.000000e+00	
668	5.870995e+01	0.000000e+00	0.000000e+00	0.000000e+00	
669	5.880995e+01	0.000000e+00	0.000000e+00	0.000000e+00	
670	5.890995e+01	0.000000e+00	0.000000e+00	0.000000e+00	
671	5.900995e+01	0.000000e+00	0.000000e+00	0.000000e+00	
672	5.910995e+01	0.000000e+00	0.000000e+00	0.000000e+00	
673	5.920995e+01	0.000000e+00	0.000000e+00	0.000000e+00	
674	5.930995e+01	0.000000e+00	0.000000e+00	0.000000e+00	
675	5.940995e+01	0.000000e+00	0.000000e+00	0.000000e+00	
676	5.950995e+01	0.000000e+00	0.000000e+00	0.000000e+00	
677	5.960995e+01	0.000000e+00	0.000000e+00	0.000000e+00	
678	5.970995e+01	0.000000e+00	0.000000e+00	0.000000e+00	
679	5.980995e+01	0.000000e+00	0.000000e+00	0.000000e+00	
680	5.990995e+01	0.000000e+00	0.000000e+00	0.000000e+00	
681	6.000995e+01	0.000000e+00	0.000000e+00	0.000000e+00	
682	6.010995e+01	0.000000e+00	0.000000e+00	0.000000e+00	
683	6.020995e+01	0.000000e+00	0.000000e+00	0.000000e+00	
684	6.030995e+01	0.000000e+00	0.000000e+00	0.000000e+00	
685	6.040995e+01	0.000000e+00	0.000000e+00	0.000000e+00	
686	6.050995e+01	0.000000e+00	0.000000e+00	0.000000e+00	
687	6.060995e+01	0.000000e+00	0.000000e+00	0.000000e+00	
688	6.070995e+01	0.000000e+00	0.000000e+00	0.000000e+00	
689	6.080995e+01	0.000000e+00	0.000000e+00	0.000000e+00	
690	6.090995e+01	0.000000e+00	0.000000e+00	0.000000e+00	
691	6.100995e+01	0.000000e+00	0.000000e+00	0.000000e+00	
692	6.110995e+01	0.000000e+00	0.000000e+00	0.000000e+00	

Index   time            v1#branch       v2#branch       v3#branch       
--------------------------------------------------------------------------------
693	6.120995e+01	0.000000e+00	0.000000e+00	0.000000e+00	
694	6.130995e+01	0.000000e+00	0.000000e+00	0.000000e+00	
695	6.140995e+01	0.000000e+00	0.000000e+00	0.000000e+00	
696	6.150995e+01	0.000000e+00	0.000000e+00	0.000000e+00	
697	6.160995e+01	0.000000e+00	0.000000e+00	0.000000e+00	
698	6.170995e+01	0.000000e+00	0.000000e+00	0.000000e+00	
699	6.180995e+01	0.000000e+00	0.000000e+00	0.000000e+00	
700	6.190995e+01	0.000000e+00	0.000000e+00	0.000000e+00	
701	6.200995e+01	0.000000e+00	0.000000e+00	0.000000e+00	
702	6.210995e+01	0.000000e+00	0.000000e+00	0.000000e+00	
703	6.220995e+01	0.000000e+00	0.000000e+00	0.000000e+00	
704	6.230995e+01	0.000000e+00	0.000000e+00	0.000000e+00	
705	6.240995e+01	0.000000e+00	0.000000e+00	0.000000e+00	
706	6.250995e+01	0.000000e+00	0.000000e+00	0.000000e+00	
707	6.260995e+01	0.000000e+00	0.000000e+00	0.000000e+00	
708	6.270995e+01	0.000000e+00	0.000000e+00	0.000000e+00	
709	6.280995e+01	0.000000e+00	0.000000e+00	0.000000e+00	
710	6.290995e+01	0.000000e+00	0.000000e+00	0.000000e+00	
711	6.300995e+01	0.000000e+00	0.000000e+00	0.000000e+00	
712	6.310995e+01	0.000000e+00	0.000000e+00	0.000000e+00	
713	6.320995e+01	0.000000e+00	0.000000e+00	0.000000e+00	
714	6.330995e+01	0.000000e+00	0.000000e+00	0.000000e+00	
715	6.340995e+01	0.000000e+00	0.000000e+00	0.000000e+00	
716	6.350995e+01	0.000000e+00	0.000000e+00	0.000000e+00	
717	6.360995e+01	0.000000e+00	0.000000e+00	0.000000e+00	
718	6.370995e+01	0.000000e+00	0.000000e+00	0.000000e+00	
719	6.380995e+01	0.000000e+00	0.000000e+00	0.000000e+00	
720	6.390995e+01	0.000000e+00	0.000000e+00	0.000000e+00	
721	6.400995e+01	0.000000e+00	0.000000e+00	0.000000e+00	
722	6.410995e+01	0.000000e+00	0.000000e+00	0.000000e+00	
723	6.420995e+01	0.000000e+00	0.000000e+00	0.000000e+00	
724	6.430995e+01	0.000000e+00	0.000000e+00	0.000000e+00	
725	6.440995e+01	0.000000e+00	0.000000e+00	0.000000e+00	
726	6.450995e+01	0.000000e+00	0.000000e+00	0.000000e+00	
727	6.460995e+01	0.000000e+00	0.000000e+00	0.000000e+00	
728	6.470995e+01	0.000000e+00	0.000000e+00	0.000000e+00	
729	6.480995e+01	0.000000e+00	0.000000e+00	0.000000e+00	
730	6.490995e+01	0.000000e+00	0.000000e+00	0.000000e+00	
731	6.500995e+01	0.000000e+00	0.000000e+00	0.000000e+00	
732	6.510995e+01	0.000000e+00	0.000000e+00	0.000000e+00	
733	6.520995e+01	0.000000e+00	0.000000e+00	0.000000e+00	
734	6.530995e+01	0.000000e+00	0.000000e+00	0.000000e+00	
735	6.540995e+01	0.000000e+00	0.000000e+00	0.000000e+00	
736	6.550995e+01	0.000000e+00	0.000000e+00	0.000000e+00	
737	6.560995e+01	0.000000e+00	0.000000e+00	0.000000e+00	
738	6.570995e+01	0.000000e+00	0.000000e+00	0.000000e+00	
739	6.580995e+01	0.000000e+00	0.000000e+00	0.000000e+00	
740	6.590995e+01	0.000000e+00	0.000000e+00	0.000000e+00	
741	6.600995e+01	0.000000e+00	0.000000e+00	0.000000e+00	
742	6.610995e+01	0.000000e+00	0.000000e+00	0.000000e+00	
743	6.620995e+01	0.000000e+00	0.000000e+00	0.000000e+00	
744	6.630995e+01	0.000000e+00	0.000000e+00	0.000000e+00	
745	6.640995e+01	0.000000e+00	0.000000e+00	0.000000e+00	
746	6.650995e+01	0.000000e+00	0.000000e+00	0.000000e+00	
747	6.660995e+01	0.000000e+00	0.000000e+00	0.000000e+00	
748	6.670995e+01	0.000000e+00	0.000000e+00	0.000000e+00	
749	6.680995e+01	0.000000e+00	0.000000e+00	0.000000e+00	
750	6.690995e+01	0.000000e+00	0.000000e+00	0.000000e+00	

Index   time            v1#branch       v2#branch       v3#branch       
--------------------------------------------------------------------------------
751	6.700995e+01	0.000000e+00	0.000000e+00	0.000000e+00	
752	6.710995e+01	0.000000e+00	0.000000e+00	0.000000e+00	
753	6.720995e+01	0.000000e+00	0.000000e+00	0.000000e+00	
754	6.730995e+01	0.000000e+00	0.000000e+00	0.000000e+00	
755	6.740995e+01	0.000000e+00	0.000000e+00	0.000000e+00	
756	6.750995e+01	0.000000e+00	0.000000e+00	0.000000e+00	
757	6.760995e+01	0.000000e+00	0.000000e+00	0.000000e+00	
758	6.770995e+01	0.000000e+00	0.000000e+00	0.000000e+00	
759	6.780995e+01	0.000000e+00	0.000000e+00	0.000000e+00	
760	6.790995e+01	0.000000e+00	0.000000e+00	0.000000e+00	
761	6.800995e+01	0.000000e+00	0.000000e+00	0.000000e+00	
762	6.810995e+01	0.000000e+00	0.000000e+00	0.000000e+00	
763	6.820995e+01	0.000000e+00	0.000000e+00	0.000000e+00	
764	6.830995e+01	0.000000e+00	0.000000e+00	0.000000e+00	
765	6.840995e+01	0.000000e+00	0.000000e+00	0.000000e+00	
766	6.850995e+01	0.000000e+00	0.000000e+00	0.000000e+00	
767	6.860995e+01	0.000000e+00	0.000000e+00	0.000000e+00	
768	6.870995e+01	0.000000e+00	0.000000e+00	0.000000e+00	
769	6.880995e+01	0.000000e+00	0.000000e+00	0.000000e+00	
770	6.890995e+01	0.000000e+00	0.000000e+00	0.000000e+00	
771	6.900995e+01	0.000000e+00	0.000000e+00	0.000000e+00	
772	6.910995e+01	0.000000e+00	0.000000e+00	0.000000e+00	
773	6.920995e+01	0.000000e+00	0.000000e+00	0.000000e+00	
774	6.930995e+01	0.000000e+00	0.000000e+00	0.000000e+00	
775	6.940995e+01	0.000000e+00	0.000000e+00	0.000000e+00	
776	6.950995e+01	0.000000e+00	0.000000e+00	0.000000e+00	
777	6.960995e+01	0.000000e+00	0.000000e+00	0.000000e+00	
778	6.970995e+01	0.000000e+00	0.000000e+00	0.000000e+00	
779	6.980995e+01	0.000000e+00	0.000000e+00	0.000000e+00	
780	6.990995e+01	0.000000e+00	0.000000e+00	0.000000e+00	
781	7.000995e+01	0.000000e+00	0.000000e+00	0.000000e+00	
782	7.010995e+01	0.000000e+00	0.000000e+00	0.000000e+00	
783	7.020995e+01	0.000000e+00	0.000000e+00	0.000000e+00	
784	7.030995e+01	0.000000e+00	0.000000e+00	0.000000e+00	
785	7.040995e+01	0.000000e+00	0.000000e+00	0.000000e+00	
786	7.050995e+01	0.000000e+00	0.000000e+00	0.000000e+00	
787	7.060995e+01	0.000000e+00	0.000000e+00	0.000000e+00	
788	7.070995e+01	0.000000e+00	0.000000e+00	0.000000e+00	
789	7.080995e+01	0.000000e+00	0.000000e+00	0.000000e+00	
790	7.090995e+01	0.000000e+00	0.000000e+00	0.000000e+00	
791	7.100995e+01	0.000000e+00	0.000000e+00	0.000000e+00	
792	7.110995e+01	0.000000e+00	0.000000e+00	0.000000e+00	
793	7.120995e+01	0.000000e+00	0.000000e+00	0.000000e+00	
794	7.130995e+01	0.000000e+00	0.000000e+00	0.000000e+00	
795	7.140995e+01	0.000000e+00	0.000000e+00	0.000000e+00	
796	7.150995e+01	0.000000e+00	0.000000e+00	0.000000e+00	
797	7.160995e+01	0.000000e+00	0.000000e+00	0.000000e+00	
798	7.170995e+01	0.000000e+00	0.000000e+00	0.000000e+00	
799	7.180995e+01	0.000000e+00	0.000000e+00	0.000000e+00	
800	7.190995e+01	0.000000e+00	0.000000e+00	0.000000e+00	
801	7.200995e+01	0.000000e+00	0.000000e+00	0.000000e+00	
802	7.210995e+01	0.000000e+00	0.000000e+00	0.000000e+00	
803	7.220995e+01	0.000000e+00	0.000000e+00	0.000000e+00	
804	7.230995e+01	0.000000e+00	0.000000e+00	0.000000e+00	
805	7.240995e+01	0.000000e+00	0.000000e+00	0.000000e+00	
806	7.250995e+01	0.000000e+00	0.000000e+00	0.000000e+00	
807	7.260995e+01	0.000000e+00	0.000000e+00	0.000000e+00	
808	7.270995e+01	0.000000e+00	0.000000e+00	0.000000e+00	

Index   time            v1#branch       v2#branch       v3#branch       
--------------------------------------------------------------------------------
809	7.280995e+01	0.000000e+00	0.000000e+00	0.000000e+00	
810	7.290995e+01	0.000000e+00	0.000000e+00	0.000000e+00	
811	7.300995e+01	0.000000e+00	0.000000e+00	0.000000e+00	
812	7.310995e+01	0.000000e+00	0.000000e+00	0.000000e+00	
813	7.320995e+01	0.000000e+00	0.000000e+00	0.000000e+00	
814	7.330995e+01	0.000000e+00	0.000000e+00	0.000000e+00	
815	7.340995e+01	0.000000e+00	0.000000e+00	0.000000e+00	
816	7.350995e+01	0.000000e+00	0.000000e+00	0.000000e+00	
817	7.360995e+01	0.000000e+00	0.000000e+00	0.000000e+00	
818	7.370995e+01	0.000000e+00	0.000000e+00	0.000000e+00	
819	7.380995e+01	0.000000e+00	0.000000e+00	0.000000e+00	
820	7.390995e+01	0.000000e+00	0.000000e+00	0.000000e+00	
821	7.400995e+01	0.000000e+00	0.000000e+00	0.000000e+00	
822	7.410995e+01	0.000000e+00	0.000000e+00	0.000000e+00	
823	7.420995e+01	0.000000e+00	0.000000e+00	0.000000e+00	
824	7.430995e+01	0.000000e+00	0.000000e+00	0.000000e+00	
825	7.440995e+01	0.000000e+00	0.000000e+00	0.000000e+00	
826	7.450995e+01	0.000000e+00	0.000000e+00	0.000000e+00	
827	7.460995e+01	0.000000e+00	0.000000e+00	0.000000e+00	
828	7.470995e+01	0.000000e+00	0.000000e+00	0.000000e+00	
829	7.480995e+01	0.000000e+00	0.000000e+00	0.000000e+00	
830	7.490995e+01	0.000000e+00	0.000000e+00	0.000000e+00	
831	7.500995e+01	0.000000e+00	0.000000e+00	0.000000e+00	
832	7.510995e+01	0.000000e+00	0.000000e+00	0.000000e+00	
833	7.520995e+01	0.000000e+00	0.000000e+00	0.000000e+00	
834	7.530995e+01	0.000000e+00	0.000000e+00	0.000000e+00	
835	7.540995e+01	0.000000e+00	0.000000e+00	0.000000e+00	
836	7.550995e+01	0.000000e+00	0.000000e+00	0.000000e+00	
837	7.560995e+01	0.000000e+00	0.000000e+00	0.000000e+00	
838	7.570995e+01	0.000000e+00	0.000000e+00	0.000000e+00	
839	7.580995e+01	0.000000e+00	0.000000e+00	0.000000e+00	
840	7.590995e+01	0.000000e+00	0.000000e+00	0.000000e+00	
841	7.600995e+01	0.000000e+00	0.000000e+00	0.000000e+00	
842	7.610995e+01	0.000000e+00	0.000000e+00	0.000000e+00	
843	7.620995e+01	0.000000e+00	0.000000e+00	0.000000e+00	
844	7.630995e+01	0.000000e+00	0.000000e+00	0.000000e+00	
845	7.640995e+01	0.000000e+00	0.000000e+00	0.000000e+00	
846	7.650995e+01	0.000000e+00	0.000000e+00	0.000000e+00	
847	7.660995e+01	0.000000e+00	0.000000e+00	0.000000e+00	
848	7.670995e+01	0.000000e+00	0.000000e+00	0.000000e+00	
849	7.680995e+01	0.000000e+00	0.000000e+00	0.000000e+00	
850	7.690995e+01	0.000000e+00	0.000000e+00	0.000000e+00	
851	7.700995e+01	0.000000e+00	0.000000e+00	0.000000e+00	
852	7.710995e+01	0.000000e+00	0.000000e+00	0.000000e+00	
853	7.720995e+01	0.000000e+00	0.000000e+00	0.000000e+00	
854	7.730995e+01	0.000000e+00	0.000000e+00	0.000000e+00	
855	7.740995e+01	0.000000e+00	0.000000e+00	0.000000e+00	
856	7.750995e+01	0.000000e+00	0.000000e+00	0.000000e+00	
857	7.760995e+01	0.000000e+00	0.000000e+00	0.000000e+00	
858	7.770995e+01	0.000000e+00	0.000000e+00	0.000000e+00	
859	7.780995e+01	0.000000e+00	0.000000e+00	0.000000e+00	
860	7.790995e+01	0.000000e+00	0.000000e+00	0.000000e+00	
861	7.800995e+01	0.000000e+00	0.000000e+00	0.000000e+00	
862	7.810995e+01	0.000000e+00	0.000000e+00	0.000000e+00	
863	7.820995e+01	0.000000e+00	0.000000e+00	0.000000e+00	
864	7.830995e+01	0.000000e+00	0.000000e+00	0.000000e+00	
865	7.840995e+01	0.000000e+00	0.000000e+00	0.000000e+00	
866	7.850995e+01	0.000000e+00	0.000000e+00	0.000000e+00	

Index   time            v1#branch       v2#branch       v3#branch       
--------------------------------------------------------------------------------
867	7.860995e+01	0.000000e+00	0.000000e+00	0.000000e+00	
868	7.870995e+01	0.000000e+00	0.000000e+00	0.000000e+00	
869	7.880995e+01	0.000000e+00	0.000000e+00	0.000000e+00	
870	7.890995e+01	0.000000e+00	0.000000e+00	0.000000e+00	
871	7.900995e+01	0.000000e+00	0.000000e+00	0.000000e+00	
872	7.910995e+01	0.000000e+00	0.000000e+00	0.000000e+00	
873	7.920995e+01	0.000000e+00	0.000000e+00	0.000000e+00	
874	7.930995e+01	0.000000e+00	0.000000e+00	0.000000e+00	
875	7.940995e+01	0.000000e+00	0.000000e+00	0.000000e+00	
876	7.950995e+01	0.000000e+00	0.000000e+00	0.000000e+00	
877	7.960995e+01	0.000000e+00	0.000000e+00	0.000000e+00	
878	7.970995e+01	0.000000e+00	0.000000e+00	0.000000e+00	
879	7.980995e+01	0.000000e+00	0.000000e+00	0.000000e+00	
880	7.990995e+01	0.000000e+00	0.000000e+00	0.000000e+00	
881	8.000995e+01	0.000000e+00	0.000000e+00	0.000000e+00	
882	8.010995e+01	0.000000e+00	0.000000e+00	0.000000e+00	
883	8.020995e+01	0.000000e+00	0.000000e+00	0.000000e+00	
884	8.030995e+01	0.000000e+00	0.000000e+00	0.000000e+00	
885	8.040995e+01	0.000000e+00	0.000000e+00	0.000000e+00	
886	8.050995e+01	0.000000e+00	0.000000e+00	0.000000e+00	
887	8.060995e+01	0.000000e+00	0.000000e+00	0.000000e+00	
888	8.070995e+01	0.000000e+00	0.000000e+00	0.000000e+00	
889	8.080995e+01	0.000000e+00	0.000000e+00	0.000000e+00	
890	8.090995e+01	0.000000e+00	0.000000e+00	0.000000e+00	
891	8.100995e+01	0.000000e+00	0.000000e+00	0.000000e+00	
892	8.110995e+01	0.000000e+00	0.000000e+00	0.000000e+00	
893	8.120995e+01	0.000000e+00	0.000000e+00	0.000000e+00	
894	8.130995e+01	0.000000e+00	0.000000e+00	0.000000e+00	
895	8.140995e+01	0.000000e+00	0.000000e+00	0.000000e+00	
896	8.150995e+01	0.000000e+00	0.000000e+00	0.000000e+00	
897	8.160995e+01	0.000000e+00	0.000000e+00	0.000000e+00	
898	8.170995e+01	0.000000e+00	0.000000e+00	0.000000e+00	
899	8.180995e+01	0.000000e+00	0.000000e+00	0.000000e+00	
900	8.190995e+01	0.000000e+00	0.000000e+00	0.000000e+00	
901	8.200995e+01	0.000000e+00	0.000000e+00	0.000000e+00	
902	8.210995e+01	0.000000e+00	0.000000e+00	0.000000e+00	
903	8.220995e+01	0.000000e+00	0.000000e+00	0.000000e+00	
904	8.230995e+01	0.000000e+00	0.000000e+00	0.000000e+00	
905	8.240995e+01	0.000000e+00	0.000000e+00	0.000000e+00	
906	8.250995e+01	0.000000e+00	0.000000e+00	0.000000e+00	
907	8.260995e+01	0.000000e+00	0.000000e+00	0.000000e+00	
908	8.270995e+01	0.000000e+00	0.000000e+00	0.000000e+00	
909	8.280995e+01	0.000000e+00	0.000000e+00	0.000000e+00	
910	8.290995e+01	0.000000e+00	0.000000e+00	0.000000e+00	
911	8.300995e+01	0.000000e+00	0.000000e+00	0.000000e+00	
912	8.310995e+01	0.000000e+00	0.000000e+00	0.000000e+00	
913	8.320995e+01	0.000000e+00	0.000000e+00	0.000000e+00	
914	8.330995e+01	0.000000e+00	0.000000e+00	0.000000e+00	
915	8.340995e+01	0.000000e+00	0.000000e+00	0.000000e+00	
916	8.350995e+01	0.000000e+00	0.000000e+00	0.000000e+00	
917	8.360995e+01	0.000000e+00	0.000000e+00	0.000000e+00	
918	8.370995e+01	0.000000e+00	0.000000e+00	0.000000e+00	
919	8.380995e+01	0.000000e+00	0.000000e+00	0.000000e+00	
920	8.390995e+01	0.000000e+00	0.000000e+00	0.000000e+00	
921	8.400995e+01	0.000000e+00	0.000000e+00	0.000000e+00	
922	8.410995e+01	0.000000e+00	0.000000e+00	0.000000e+00	
923	8.420995e+01	0.000000e+00	0.000000e+00	0.000000e+00	
924	8.430995e+01	0.000000e+00	0.000000e+00	0.000000e+00	

Index   time            v1#branch       v2#branch       v3#branch       
--------------------------------------------------------------------------------
925	8.440995e+01	0.000000e+00	0.000000e+00	0.000000e+00	
926	8.450995e+01	0.000000e+00	0.000000e+00	0.000000e+00	
927	8.460995e+01	0.000000e+00	0.000000e+00	0.000000e+00	
928	8.470995e+01	0.000000e+00	0.000000e+00	0.000000e+00	
929	8.480995e+01	0.000000e+00	0.000000e+00	0.000000e+00	
930	8.490995e+01	0.000000e+00	0.000000e+00	0.000000e+00	
931	8.500995e+01	0.000000e+00	0.000000e+00	0.000000e+00	
932	8.510995e+01	0.000000e+00	0.000000e+00	0.000000e+00	
933	8.520995e+01	0.000000e+00	0.000000e+00	0.000000e+00	
934	8.530995e+01	0.000000e+00	0.000000e+00	0.000000e+00	
935	8.540995e+01	0.000000e+00	0.000000e+00	0.000000e+00	
936	8.550995e+01	0.000000e+00	0.000000e+00	0.000000e+00	
937	8.560995e+01	0.000000e+00	0.000000e+00	0.000000e+00	
938	8.570995e+01	0.000000e+00	0.000000e+00	0.000000e+00	
939	8.580995e+01	0.000000e+00	0.000000e+00	0.000000e+00	
940	8.590995e+01	0.000000e+00	0.000000e+00	0.000000e+00	
941	8.600995e+01	0.000000e+00	0.000000e+00	0.000000e+00	
942	8.610995e+01	0.000000e+00	0.000000e+00	0.000000e+00	
943	8.620995e+01	0.000000e+00	0.000000e+00	0.000000e+00	
944	8.630995e+01	0.000000e+00	0.000000e+00	0.000000e+00	
945	8.640995e+01	0.000000e+00	0.000000e+00	0.000000e+00	
946	8.650995e+01	0.000000e+00	0.000000e+00	0.000000e+00	
947	8.660995e+01	0.000000e+00	0.000000e+00	0.000000e+00	
948	8.670995e+01	0.000000e+00	0.000000e+00	0.000000e+00	
949	8.680995e+01	0.000000e+00	0.000000e+00	0.000000e+00	
950	8.690995e+01	0.000000e+00	0.000000e+00	0.000000e+00	
951	8.700995e+01	0.000000e+00	0.000000e+00	0.000000e+00	
952	8.710995e+01	0.000000e+00	0.000000e+00	0.000000e+00	
953	8.720995e+01	0.000000e+00	0.000000e+00	0.000000e+00	
954	8.730995e+01	0.000000e+00	0.000000e+00	0.000000e+00	
955	8.740995e+01	0.000000e+00	0.000000e+00	0.000000e+00	
956	8.750995e+01	0.000000e+00	0.000000e+00	0.000000e+00	
957	8.760995e+01	0.000000e+00	0.000000e+00	0.000000e+00	
958	8.770995e+01	0.000000e+00	0.000000e+00	0.000000e+00	
959	8.780995e+01	0.000000e+00	0.000000e+00	0.000000e+00	
960	8.790995e+01	0.000000e+00	0.000000e+00	0.000000e+00	
961	8.800995e+01	0.000000e+00	0.000000e+00	0.000000e+00	
962	8.810995e+01	0.000000e+00	0.000000e+00	0.000000e+00	
963	8.820995e+01	0.000000e+00	0.000000e+00	0.000000e+00	
964	8.830995e+01	0.000000e+00	0.000000e+00	0.000000e+00	
965	8.840995e+01	0.000000e+00	0.000000e+00	0.000000e+00	
966	8.850995e+01	0.000000e+00	0.000000e+00	0.000000e+00	
967	8.860995e+01	0.000000e+00	0.000000e+00	0.000000e+00	
968	8.870995e+01	0.000000e+00	0.000000e+00	0.000000e+00	
969	8.880995e+01	0.000000e+00	0.000000e+00	0.000000e+00	
970	8.890995e+01	0.000000e+00	0.000000e+00	0.000000e+00	
971	8.900995e+01	0.000000e+00	0.000000e+00	0.000000e+00	
972	8.910995e+01	0.000000e+00	0.000000e+00	0.000000e+00	
973	8.920995e+01	0.000000e+00	0.000000e+00	0.000000e+00	
974	8.930995e+01	0.000000e+00	0.000000e+00	0.000000e+00	
975	8.940995e+01	0.000000e+00	0.000000e+00	0.000000e+00	
976	8.950995e+01	0.000000e+00	0.000000e+00	0.000000e+00	
977	8.960995e+01	0.000000e+00	0.000000e+00	0.000000e+00	
978	8.970995e+01	0.000000e+00	0.000000e+00	0.000000e+00	
979	8.980995e+01	0.000000e+00	0.000000e+00	0.000000e+00	
980	8.990995e+01	0.000000e+00	0.000000e+00	0.000000e+00	
981	9.000995e+01	0.000000e+00	0.000000e+00	0.000000e+00	
982	9.010995e+01	0.000000e+00	0.000000e+00	0.000000e+00	

Index   time            v1#branch       v2#branch       v3#branch       
--------------------------------------------------------------------------------
983	9.020995e+01	0.000000e+00	0.000000e+00	0.000000e+00	
984	9.030995e+01	0.000000e+00	0.000000e+00	0.000000e+00	
985	9.040995e+01	0.000000e+00	0.000000e+00	0.000000e+00	
986	9.050995e+01	0.000000e+00	0.000000e+00	0.000000e+00	
987	9.060995e+01	0.000000e+00	0.000000e+00	0.000000e+00	
988	9.070995e+01	0.000000e+00	0.000000e+00	0.000000e+00	
989	9.080995e+01	0.000000e+00	0.000000e+00	0.000000e+00	
990	9.090995e+01	0.000000e+00	0.000000e+00	0.000000e+00	
991	9.100995e+01	0.000000e+00	0.000000e+00	0.000000e+00	
992	9.110995e+01	0.000000e+00	0.000000e+00	0.000000e+00	
993	9.120995e+01	0.000000e+00	0.000000e+00	0.000000e+00	
994	9.130995e+01	0.000000e+00	0.000000e+00	0.000000e+00	
995	9.140995e+01	0.000000e+00	0.000000e+00	0.000000e+00	
996	9.150995e+01	0.000000e+00	0.000000e+00	0.000000e+00	
997	9.160995e+01	0.000000e+00	0.000000e+00	0.000000e+00	
998	9.170995e+01	0.000000e+00	0.000000e+00	0.000000e+00	
999	9.180995e+01	0.000000e+00	0.000000e+00	0.000000e+00	
1000	9.190995e+01	0.000000e+00	0.000000e+00	0.000000e+00	
1001	9.200995e+01	0.000000e+00	0.000000e+00	0.000000e+00	
1002	9.210995e+01	0.000000e+00	0.000000e+00	0.000000e+00	
1003	9.220995e+01	0.000000e+00	0.000000e+00	0.000000e+00	
1004	9.230995e+01	0.000000e+00	0.000000e+00	0.000000e+00	
1005	9.240995e+01	0.000000e+00	0.000000e+00	0.000000e+00	
1006	9.250995e+01	0.000000e+00	0.000000e+00	0.000000e+00	
1007	9.260995e+01	0.000000e+00	0.000000e+00	0.000000e+00	
1008	9.270995e+01	0.000000e+00	0.000000e+00	0.000000e+00	
1009	9.280995e+01	0.000000e+00	0.000000e+00	0.000000e+00	
1010	9.290995e+01	0.000000e+00	0.000000e+00	0.000000e+00	
1011	9.300995e+01	0.000000e+00	0.000000e+00	0.000000e+00	
1012	9.310995e+01	0.000000e+00	0.000000e+00	0.000000e+00	
1013	9.320995e+01	0.000000e+00	0.000000e+00	0.000000e+00	
1014	9.330995e+01	0.000000e+00	0.000000e+00	0.000000e+00	
1015	9.340995e+01	0.000000e+00	0.000000e+00	0.000000e+00	
1016	9.350995e+01	0.000000e+00	0.000000e+00	0.000000e+00	
1017	9.360995e+01	0.000000e+00	0.000000e+00	0.000000e+00	
1018	9.370995e+01	0.000000e+00	0.000000e+00	0.000000e+00	
1019	9.380995e+01	0.000000e+00	0.000000e+00	0.000000e+00	
1020	9.390995e+01	0.000000e+00	0.000000e+00	0.000000e+00	
1021	9.400995e+01	0.000000e+00	0.000000e+00	0.000000e+00	
1022	9.410995e+01	0.000000e+00	0.000000e+00	0.000000e+00	
1023	9.420995e+01	0.000000e+00	0.000000e+00	0.000000e+00	
1024	9.430995e+01	0.000000e+00	0.000000e+00	0.000000e+00	
1025	9.440995e+01	0.000000e+00	0.000000e+00	0.000000e+00	
1026	9.450995e+01	0.000000e+00	0.000000e+00	0.000000e+00	
1027	9.460995e+01	0.000000e+00	0.000000e+00	0.000000e+00	
1028	9.470995e+01	0.000000e+00	0.000000e+00	0.000000e+00	
1029	9.480995e+01	0.000000e+00	0.000000e+00	0.000000e+00	
1030	9.490995e+01	0.000000e+00	0.000000e+00	0.000000e+00	
1031	9.500995e+01	0.000000e+00	0.000000e+00	0.000000e+00	
1032	9.510995e+01	0.000000e+00	0.000000e+00	0.000000e+00	
1033	9.520995e+01	0.000000e+00	0.000000e+00	0.000000e+00	
1034	9.530995e+01	0.000000e+00	0.000000e+00	0.000000e+00	
1035	9.540995e+01	0.000000e+00	0.000000e+00	0.000000e+00	
1036	9.550995e+01	0.000000e+00	0.000000e+00	0.000000e+00	
1037	9.560995e+01	0.000000e+00	0.000000e+00	0.000000e+00	
1038	9.570995e+01	0.000000e+00	0.000000e+00	0.000000e+00	
1039	9.580995e+01	0.000000e+00	0.000000e+00	0.000000e+00	
1040	9.590995e+01	0.000000e+00	0.000000e+00	0.000000e+00	

Index   time            v1#branch       v2#branch       v3#branch       
--------------------------------------------------------------------------------
1041	9.600995e+01	0.000000e+00	0.000000e+00	0.000000e+00	
1042	9.610995e+01	0.000000e+00	0.000000e+00	0.000000e+00	
1043	9.620995e+01	0.000000e+00	0.000000e+00	0.000000e+00	
1044	9.630995e+01	0.000000e+00	0.000000e+00	0.000000e+00	
1045	9.640995e+01	0.000000e+00	0.000000e+00	0.000000e+00	
1046	9.650995e+01	0.000000e+00	0.000000e+00	0.000000e+00	
1047	9.660995e+01	0.000000e+00	0.000000e+00	0.000000e+00	
1048	9.670995e+01	0.000000e+00	0.000000e+00	0.000000e+00	
1049	9.680995e+01	0.000000e+00	0.000000e+00	0.000000e+00	
1050	9.690995e+01	0.000000e+00	0.000000e+00	0.000000e+00	
1051	9.700995e+01	0.000000e+00	0.000000e+00	0.000000e+00	
1052	9.710995e+01	0.000000e+00	0.000000e+00	0.000000e+00	
1053	9.720995e+01	0.000000e+00	0.000000e+00	0.000000e+00	
1054	9.730995e+01	0.000000e+00	0.000000e+00	0.000000e+00	
1055	9.740995e+01	0.000000e+00	0.000000e+00	0.000000e+00	
1056	9.750995e+01	0.000000e+00	0.000000e+00	0.000000e+00	
1057	9.760995e+01	0.000000e+00	0.000000e+00	0.000000e+00	
1058	9.770995e+01	0.000000e+00	0.000000e+00	0.000000e+00	
1059	9.780995e+01	0.000000e+00	0.000000e+00	0.000000e+00	
1060	9.790995e+01	0.000000e+00	0.000000e+00	0.000000e+00	
1061	9.800995e+01	0.000000e+00	0.000000e+00	0.000000e+00	
1062	9.810995e+01	0.000000e+00	0.000000e+00	0.000000e+00	
1063	9.820995e+01	0.000000e+00	0.000000e+00	0.000000e+00	
1064	9.830995e+01	0.000000e+00	0.000000e+00	0.000000e+00	
1065	9.840995e+01	0.000000e+00	0.000000e+00	0.000000e+00	
1066	9.850995e+01	0.000000e+00	0.000000e+00	0.000000e+00	
1067	9.860995e+01	0.000000e+00	0.000000e+00	0.000000e+00	
1068	9.870995e+01	0.000000e+00	0.000000e+00	0.000000e+00	
1069	9.880995e+01	0.000000e+00	0.000000e+00	0.000000e+00	
1070	9.890995e+01	0.000000e+00	0.000000e+00	0.000000e+00	
1071	9.900995e+01	0.000000e+00	0.000000e+00	0.000000e+00	
1072	9.910995e+01	0.000000e+00	0.000000e+00	0.000000e+00	
1073	9.920995e+01	0.000000e+00	0.000000e+00	0.000000e+00	
1074	9.930995e+01	0.000000e+00	0.000000e+00	0.000000e+00	
1075	9.940995e+01	0.000000e+00	0.000000e+00	0.000000e+00	
1076	9.950995e+01	0.000000e+00	0.000000e+00	0.000000e+00	
1077	9.960995e+01	0.000000e+00	0.000000e+00	0.000000e+00	
1078	9.970995e+01	0.000000e+00	0.000000e+00	0.000000e+00	
1079	9.980995e+01	0.000000e+00	0.000000e+00	0.000000e+00	
1080	9.990995e+01	0.000000e+00	0.000000e+00	0.000000e+00	
1081	1.000000e+02	0.000000e+00	0.000000e+00	0.000000e+00	
