* /home/saurabh/installer_main_workshop/esim-1.1.2/examples/bjt_frequency_response/bjt_frequency_response.cir
AC Analysis  Sat Aug 21 13:57:36  2021
--------------------------------------------------------------------------------
Index   frequency       v1#branch                       
--------------------------------------------------------------------------------
0	1.000000e+01	2.496632e-06,	2.480346e-08	
1	1.023293e+01	2.496644e-06,	2.423897e-08	
2	1.047129e+01	2.496654e-06,	2.368732e-08	
3	1.071519e+01	2.496664e-06,	2.314823e-08	
4	1.096478e+01	2.496674e-06,	2.262140e-08	
5	1.122018e+01	2.496683e-06,	2.210655e-08	
6	1.148154e+01	2.496692e-06,	2.160342e-08	
7	1.174898e+01	2.496700e-06,	2.111174e-08	
8	1.202264e+01	2.496708e-06,	2.063125e-08	
9	1.230269e+01	2.496716e-06,	2.016168e-08	
10	1.258925e+01	2.496723e-06,	1.970280e-08	
11	1.288250e+01	2.496730e-06,	1.925437e-08	
12	1.318257e+01	2.496737e-06,	1.881614e-08	
13	1.348963e+01	2.496743e-06,	1.838788e-08	
14	1.380384e+01	2.496750e-06,	1.796936e-08	
15	1.412538e+01	2.496755e-06,	1.756037e-08	
16	1.445440e+01	2.496761e-06,	1.716068e-08	
17	1.479108e+01	2.496766e-06,	1.677009e-08	
18	1.513561e+01	2.496771e-06,	1.638839e-08	
19	1.548817e+01	2.496776e-06,	1.601538e-08	
20	1.584893e+01	2.496781e-06,	1.565085e-08	
21	1.621810e+01	2.496785e-06,	1.529462e-08	
22	1.659587e+01	2.496789e-06,	1.494650e-08	
23	1.698244e+01	2.496793e-06,	1.460630e-08	
24	1.737801e+01	2.496797e-06,	1.427384e-08	
25	1.778279e+01	2.496801e-06,	1.394895e-08	
26	1.819701e+01	2.496804e-06,	1.363145e-08	
27	1.862087e+01	2.496808e-06,	1.332118e-08	
28	1.905461e+01	2.496811e-06,	1.301797e-08	
29	1.949845e+01	2.496814e-06,	1.272166e-08	
30	1.995262e+01	2.496817e-06,	1.243210e-08	
31	2.041738e+01	2.496820e-06,	1.214912e-08	
32	2.089296e+01	2.496822e-06,	1.187258e-08	
33	2.137962e+01	2.496825e-06,	1.160234e-08	
34	2.187762e+01	2.496827e-06,	1.133825e-08	
35	2.238721e+01	2.496830e-06,	1.108017e-08	
36	2.290868e+01	2.496832e-06,	1.082797e-08	
37	2.344229e+01	2.496834e-06,	1.058150e-08	
38	2.398833e+01	2.496836e-06,	1.034065e-08	
39	2.454709e+01	2.496838e-06,	1.010527e-08	
40	2.511886e+01	2.496840e-06,	9.875255e-09	
41	2.570396e+01	2.496842e-06,	9.650473e-09	
42	2.630268e+01	2.496843e-06,	9.430808e-09	
43	2.691535e+01	2.496845e-06,	9.216143e-09	
44	2.754229e+01	2.496846e-06,	9.006363e-09	
45	2.818383e+01	2.496848e-06,	8.801358e-09	
46	2.884032e+01	2.496849e-06,	8.601020e-09	
47	2.951209e+01	2.496851e-06,	8.405241e-09	
48	3.019952e+01	2.496852e-06,	8.213919e-09	
49	3.090295e+01	2.496853e-06,	8.026951e-09	
50	3.162278e+01	2.496854e-06,	7.844239e-09	
51	3.235937e+01	2.496855e-06,	7.665686e-09	
52	3.311311e+01	2.496856e-06,	7.491197e-09	
53	3.388442e+01	2.496857e-06,	7.320679e-09	
54	3.467369e+01	2.496858e-06,	7.154043e-09	

Index   frequency       v1#branch                       
--------------------------------------------------------------------------------
55	3.548134e+01	2.496859e-06,	6.991199e-09	
56	3.630781e+01	2.496860e-06,	6.832063e-09	
57	3.715352e+01	2.496861e-06,	6.676548e-09	
58	3.801894e+01	2.496862e-06,	6.524574e-09	
59	3.890451e+01	2.496863e-06,	6.376058e-09	
60	3.981072e+01	2.496863e-06,	6.230923e-09	
61	4.073803e+01	2.496864e-06,	6.089092e-09	
62	4.168694e+01	2.496865e-06,	5.950489e-09	
63	4.265795e+01	2.496865e-06,	5.815041e-09	
64	4.365158e+01	2.496866e-06,	5.682675e-09	
65	4.466836e+01	2.496867e-06,	5.553323e-09	
66	4.570882e+01	2.496867e-06,	5.426915e-09	
67	4.677351e+01	2.496868e-06,	5.303385e-09	
68	4.786301e+01	2.496868e-06,	5.182666e-09	
69	4.897788e+01	2.496869e-06,	5.064695e-09	
70	5.011872e+01	2.496869e-06,	4.949410e-09	
71	5.128614e+01	2.496870e-06,	4.836748e-09	
72	5.248075e+01	2.496870e-06,	4.726651e-09	
73	5.370318e+01	2.496870e-06,	4.619060e-09	
74	5.495409e+01	2.496871e-06,	4.513918e-09	
75	5.623413e+01	2.496871e-06,	4.411169e-09	
76	5.754399e+01	2.496871e-06,	4.310760e-09	
77	5.888437e+01	2.496872e-06,	4.212635e-09	
78	6.025596e+01	2.496872e-06,	4.116745e-09	
79	6.165950e+01	2.496872e-06,	4.023036e-09	
80	6.309573e+01	2.496873e-06,	3.931461e-09	
81	6.456542e+01	2.496873e-06,	3.841971e-09	
82	6.606934e+01	2.496873e-06,	3.754517e-09	
83	6.760830e+01	2.496874e-06,	3.669054e-09	
84	6.918310e+01	2.496874e-06,	3.585537e-09	
85	7.079458e+01	2.496874e-06,	3.503921e-09	
86	7.244360e+01	2.496874e-06,	3.424162e-09	
87	7.413102e+01	2.496874e-06,	3.346219e-09	
88	7.585776e+01	2.496875e-06,	3.270050e-09	
89	7.762471e+01	2.496875e-06,	3.195615e-09	
90	7.943282e+01	2.496875e-06,	3.122874e-09	
91	8.128305e+01	2.496875e-06,	3.051789e-09	
92	8.317638e+01	2.496875e-06,	2.982322e-09	
93	8.511380e+01	2.496875e-06,	2.914436e-09	
94	8.709636e+01	2.496876e-06,	2.848095e-09	
95	8.912509e+01	2.496876e-06,	2.783265e-09	
96	9.120108e+01	2.496876e-06,	2.719910e-09	
97	9.332543e+01	2.496876e-06,	2.657998e-09	
98	9.549926e+01	2.496876e-06,	2.597494e-09	
99	9.772372e+01	2.496876e-06,	2.538368e-09	
100	1.000000e+02	2.496876e-06,	2.480588e-09	
101	1.023293e+02	2.496877e-06,	2.424123e-09	
102	1.047129e+02	2.496877e-06,	2.368944e-09	
103	1.071519e+02	2.496877e-06,	2.315020e-09	
104	1.096478e+02	2.496877e-06,	2.262324e-09	
105	1.122018e+02	2.496877e-06,	2.210827e-09	
106	1.148154e+02	2.496877e-06,	2.160503e-09	
107	1.174898e+02	2.496877e-06,	2.111324e-09	
108	1.202264e+02	2.496877e-06,	2.063264e-09	
109	1.230269e+02	2.496877e-06,	2.016298e-09	
110	1.258925e+02	2.496877e-06,	1.970402e-09	
111	1.288250e+02	2.496877e-06,	1.925550e-09	
112	1.318257e+02	2.496877e-06,	1.881719e-09	

Index   frequency       v1#branch                       
--------------------------------------------------------------------------------
113	1.348963e+02	2.496878e-06,	1.838886e-09	
114	1.380384e+02	2.496878e-06,	1.797028e-09	
115	1.412538e+02	2.496878e-06,	1.756123e-09	
116	1.445440e+02	2.496878e-06,	1.716149e-09	
117	1.479108e+02	2.496878e-06,	1.677084e-09	
118	1.513561e+02	2.496878e-06,	1.638909e-09	
119	1.548817e+02	2.496878e-06,	1.601603e-09	
120	1.584893e+02	2.496878e-06,	1.565146e-09	
121	1.621810e+02	2.496878e-06,	1.529519e-09	
122	1.659587e+02	2.496878e-06,	1.494703e-09	
123	1.698244e+02	2.496878e-06,	1.460680e-09	
124	1.737801e+02	2.496878e-06,	1.427430e-09	
125	1.778279e+02	2.496878e-06,	1.394938e-09	
126	1.819701e+02	2.496878e-06,	1.363186e-09	
127	1.862087e+02	2.496878e-06,	1.332156e-09	
128	1.905461e+02	2.496878e-06,	1.301832e-09	
129	1.949845e+02	2.496878e-06,	1.272199e-09	
130	1.995262e+02	2.496878e-06,	1.243240e-09	
131	2.041738e+02	2.496878e-06,	1.214940e-09	
132	2.089296e+02	2.496878e-06,	1.187285e-09	
133	2.137962e+02	2.496878e-06,	1.160259e-09	
134	2.187762e+02	2.496878e-06,	1.133848e-09	
135	2.238721e+02	2.496878e-06,	1.108039e-09	
136	2.290868e+02	2.496878e-06,	1.082817e-09	
137	2.344229e+02	2.496878e-06,	1.058169e-09	
138	2.398833e+02	2.496878e-06,	1.034082e-09	
139	2.454709e+02	2.496878e-06,	1.010544e-09	
140	2.511886e+02	2.496879e-06,	9.875408e-10	
141	2.570396e+02	2.496879e-06,	9.650616e-10	
142	2.630268e+02	2.496879e-06,	9.430941e-10	
143	2.691535e+02	2.496879e-06,	9.216267e-10	
144	2.754229e+02	2.496879e-06,	9.006479e-10	
145	2.818383e+02	2.496879e-06,	8.801467e-10	
146	2.884032e+02	2.496879e-06,	8.601121e-10	
147	2.951209e+02	2.496879e-06,	8.405335e-10	
148	3.019952e+02	2.496879e-06,	8.214007e-10	
149	3.090295e+02	2.496879e-06,	8.027033e-10	
150	3.162278e+02	2.496879e-06,	7.844316e-10	
151	3.235937e+02	2.496879e-06,	7.665757e-10	
152	3.311311e+02	2.496879e-06,	7.491263e-10	
153	3.388442e+02	2.496879e-06,	7.320741e-10	
154	3.467369e+02	2.496879e-06,	7.154101e-10	
155	3.548134e+02	2.496879e-06,	6.991254e-10	
156	3.630781e+02	2.496879e-06,	6.832113e-10	
157	3.715352e+02	2.496879e-06,	6.676596e-10	
158	3.801894e+02	2.496879e-06,	6.524618e-10	
159	3.890451e+02	2.496879e-06,	6.376099e-10	
160	3.981072e+02	2.496879e-06,	6.230962e-10	
161	4.073803e+02	2.496879e-06,	6.089128e-10	
162	4.168694e+02	2.496879e-06,	5.950522e-10	
163	4.265795e+02	2.496879e-06,	5.815072e-10	
164	4.365158e+02	2.496879e-06,	5.682705e-10	
165	4.466836e+02	2.496879e-06,	5.553350e-10	
166	4.570882e+02	2.496879e-06,	5.426941e-10	
167	4.677351e+02	2.496879e-06,	5.303408e-10	
168	4.786301e+02	2.496879e-06,	5.182688e-10	
169	4.897788e+02	2.496879e-06,	5.064716e-10	
170	5.011872e+02	2.496879e-06,	4.949429e-10	

Index   frequency       v1#branch                       
--------------------------------------------------------------------------------
171	5.128614e+02	2.496879e-06,	4.836766e-10	
172	5.248075e+02	2.496879e-06,	4.726668e-10	
173	5.370318e+02	2.496879e-06,	4.619076e-10	
174	5.495409e+02	2.496879e-06,	4.513933e-10	
175	5.623413e+02	2.496879e-06,	4.411183e-10	
176	5.754399e+02	2.496879e-06,	4.310772e-10	
177	5.888437e+02	2.496879e-06,	4.212647e-10	
178	6.025596e+02	2.496879e-06,	4.116756e-10	
179	6.165950e+02	2.496879e-06,	4.023047e-10	
180	6.309573e+02	2.496879e-06,	3.931471e-10	
181	6.456542e+02	2.496879e-06,	3.841980e-10	
182	6.606934e+02	2.496879e-06,	3.754526e-10	
183	6.760830e+02	2.496879e-06,	3.669062e-10	
184	6.918310e+02	2.496879e-06,	3.585544e-10	
185	7.079458e+02	2.496879e-06,	3.503927e-10	
186	7.244360e+02	2.496879e-06,	3.424168e-10	
187	7.413102e+02	2.496879e-06,	3.346225e-10	
188	7.585776e+02	2.496879e-06,	3.270055e-10	
189	7.762471e+02	2.496879e-06,	3.195620e-10	
190	7.943282e+02	2.496879e-06,	3.122879e-10	
191	8.128305e+02	2.496879e-06,	3.051793e-10	
192	8.317638e+02	2.496879e-06,	2.982326e-10	
193	8.511380e+02	2.496879e-06,	2.914440e-10	
194	8.709636e+02	2.496879e-06,	2.848099e-10	
195	8.912509e+02	2.496879e-06,	2.783268e-10	
196	9.120108e+02	2.496879e-06,	2.719914e-10	
197	9.332543e+02	2.496879e-06,	2.658001e-10	
198	9.549926e+02	2.496879e-06,	2.597497e-10	
199	9.772372e+02	2.496879e-06,	2.538371e-10	
200	1.000000e+03	2.496879e-06,	2.480591e-10	
201	1.023293e+03	2.496879e-06,	2.424125e-10	
202	1.047129e+03	2.496879e-06,	2.368946e-10	
203	1.071519e+03	2.496879e-06,	2.315022e-10	
204	1.096478e+03	2.496879e-06,	2.262326e-10	
205	1.122018e+03	2.496879e-06,	2.210829e-10	
206	1.148154e+03	2.496879e-06,	2.160504e-10	
207	1.174898e+03	2.496879e-06,	2.111325e-10	
208	1.202264e+03	2.496879e-06,	2.063265e-10	
209	1.230269e+03	2.496879e-06,	2.016300e-10	
210	1.258925e+03	2.496879e-06,	1.970403e-10	
211	1.288250e+03	2.496879e-06,	1.925551e-10	
212	1.318257e+03	2.496879e-06,	1.881720e-10	
213	1.348963e+03	2.496879e-06,	1.838887e-10	
214	1.380384e+03	2.496879e-06,	1.797029e-10	
215	1.412538e+03	2.496879e-06,	1.756124e-10	
216	1.445440e+03	2.496879e-06,	1.716149e-10	
217	1.479108e+03	2.496879e-06,	1.677085e-10	
218	1.513561e+03	2.496879e-06,	1.638910e-10	
219	1.548817e+03	2.496879e-06,	1.601604e-10	
220	1.584893e+03	2.496879e-06,	1.565147e-10	
221	1.621810e+03	2.496879e-06,	1.529520e-10	
222	1.659587e+03	2.496879e-06,	1.494704e-10	
223	1.698244e+03	2.496879e-06,	1.460680e-10	
224	1.737801e+03	2.496879e-06,	1.427431e-10	
225	1.778279e+03	2.496879e-06,	1.394939e-10	
226	1.819701e+03	2.496879e-06,	1.363186e-10	
227	1.862087e+03	2.496879e-06,	1.332156e-10	
228	1.905461e+03	2.496879e-06,	1.301832e-10	

Index   frequency       v1#branch                       
--------------------------------------------------------------------------------
229	1.949845e+03	2.496879e-06,	1.272199e-10	
230	1.995262e+03	2.496879e-06,	1.243240e-10	
231	2.041738e+03	2.496879e-06,	1.214941e-10	
232	2.089296e+03	2.496879e-06,	1.187285e-10	
233	2.137962e+03	2.496879e-06,	1.160259e-10	
234	2.187762e+03	2.496879e-06,	1.133849e-10	
235	2.238721e+03	2.496879e-06,	1.108039e-10	
236	2.290868e+03	2.496879e-06,	1.082817e-10	
237	2.344229e+03	2.496879e-06,	1.058169e-10	
238	2.398833e+03	2.496879e-06,	1.034082e-10	
239	2.454709e+03	2.496879e-06,	1.010544e-10	
240	2.511886e+03	2.496879e-06,	9.875409e-11	
241	2.570396e+03	2.496879e-06,	9.650617e-11	
242	2.630268e+03	2.496879e-06,	9.430943e-11	
243	2.691535e+03	2.496879e-06,	9.216268e-11	
244	2.754229e+03	2.496879e-06,	9.006480e-11	
245	2.818383e+03	2.496879e-06,	8.801468e-11	
246	2.884032e+03	2.496879e-06,	8.601122e-11	
247	2.951209e+03	2.496879e-06,	8.405336e-11	
248	3.019952e+03	2.496879e-06,	8.214008e-11	
249	3.090295e+03	2.496879e-06,	8.027034e-11	
250	3.162278e+03	2.496879e-06,	7.844316e-11	
251	3.235937e+03	2.496879e-06,	7.665758e-11	
252	3.311311e+03	2.496879e-06,	7.491264e-11	
253	3.388442e+03	2.496879e-06,	7.320742e-11	
254	3.467369e+03	2.496879e-06,	7.154102e-11	
255	3.548134e+03	2.496879e-06,	6.991254e-11	
256	3.630781e+03	2.496879e-06,	6.832114e-11	
257	3.715352e+03	2.496879e-06,	6.676596e-11	
258	3.801894e+03	2.496879e-06,	6.524618e-11	
259	3.890451e+03	2.496879e-06,	6.376100e-11	
260	3.981072e+03	2.496879e-06,	6.230962e-11	
261	4.073803e+03	2.496879e-06,	6.089128e-11	
262	4.168694e+03	2.496879e-06,	5.950522e-11	
263	4.265795e+03	2.496879e-06,	5.815072e-11	
264	4.365158e+03	2.496879e-06,	5.682705e-11	
265	4.466836e+03	2.496879e-06,	5.553351e-11	
266	4.570882e+03	2.496879e-06,	5.426941e-11	
267	4.677351e+03	2.496879e-06,	5.303409e-11	
268	4.786301e+03	2.496879e-06,	5.182688e-11	
269	4.897788e+03	2.496879e-06,	5.064716e-11	
270	5.011872e+03	2.496879e-06,	4.949429e-11	
271	5.128614e+03	2.496879e-06,	4.836766e-11	
272	5.248075e+03	2.496879e-06,	4.726668e-11	
273	5.370318e+03	2.496879e-06,	4.619076e-11	
274	5.495409e+03	2.496879e-06,	4.513933e-11	
275	5.623413e+03	2.496879e-06,	4.411183e-11	
276	5.754399e+03	2.496879e-06,	4.310772e-11	
277	5.888437e+03	2.496879e-06,	4.212647e-11	
278	6.025596e+03	2.496879e-06,	4.116756e-11	
279	6.165950e+03	2.496879e-06,	4.023047e-11	
280	6.309573e+03	2.496879e-06,	3.931471e-11	
281	6.456542e+03	2.496879e-06,	3.841980e-11	
282	6.606934e+03	2.496879e-06,	3.754526e-11	
283	6.760830e+03	2.496879e-06,	3.669062e-11	
284	6.918310e+03	2.496879e-06,	3.585544e-11	
285	7.079458e+03	2.496879e-06,	3.503927e-11	
286	7.244360e+03	2.496879e-06,	3.424168e-11	

Index   frequency       v1#branch                       
--------------------------------------------------------------------------------
287	7.413102e+03	2.496879e-06,	3.346225e-11	
288	7.585776e+03	2.496879e-06,	3.270055e-11	
289	7.762471e+03	2.496879e-06,	3.195620e-11	
290	7.943282e+03	2.496879e-06,	3.122879e-11	
291	8.128305e+03	2.496879e-06,	3.051793e-11	
292	8.317638e+03	2.496879e-06,	2.982326e-11	
293	8.511380e+03	2.496879e-06,	2.914440e-11	
294	8.709636e+03	2.496879e-06,	2.848099e-11	
295	8.912509e+03	2.496879e-06,	2.783268e-11	
296	9.120108e+03	2.496879e-06,	2.719914e-11	
297	9.332543e+03	2.496879e-06,	2.658001e-11	
298	9.549926e+03	2.496879e-06,	2.597497e-11	
299	9.772372e+03	2.496879e-06,	2.538371e-11	
300	1.000000e+04	2.496879e-06,	2.480591e-11	
301	1.023293e+04	2.496879e-06,	2.424125e-11	
302	1.047129e+04	2.496879e-06,	2.368946e-11	
303	1.071519e+04	2.496879e-06,	2.315022e-11	
304	1.096478e+04	2.496879e-06,	2.262326e-11	
305	1.122018e+04	2.496879e-06,	2.210829e-11	
306	1.148154e+04	2.496879e-06,	2.160504e-11	
307	1.174898e+04	2.496879e-06,	2.111325e-11	
308	1.202264e+04	2.496879e-06,	2.063265e-11	
309	1.230269e+04	2.496879e-06,	2.016300e-11	
310	1.258925e+04	2.496879e-06,	1.970403e-11	
311	1.288250e+04	2.496879e-06,	1.925551e-11	
312	1.318257e+04	2.496879e-06,	1.881720e-11	
313	1.348963e+04	2.496879e-06,	1.838887e-11	
314	1.380384e+04	2.496879e-06,	1.797029e-11	
315	1.412538e+04	2.496879e-06,	1.756124e-11	
316	1.445440e+04	2.496879e-06,	1.716149e-11	
317	1.479108e+04	2.496879e-06,	1.677085e-11	
318	1.513561e+04	2.496879e-06,	1.638910e-11	
319	1.548817e+04	2.496879e-06,	1.601604e-11	
320	1.584893e+04	2.496879e-06,	1.565147e-11	
321	1.621810e+04	2.496879e-06,	1.529520e-11	
322	1.659587e+04	2.496879e-06,	1.494704e-11	
323	1.698244e+04	2.496879e-06,	1.460680e-11	
324	1.737801e+04	2.496879e-06,	1.427431e-11	
325	1.778279e+04	2.496879e-06,	1.394939e-11	
326	1.819701e+04	2.496879e-06,	1.363186e-11	
327	1.862087e+04	2.496879e-06,	1.332156e-11	
328	1.905461e+04	2.496879e-06,	1.301832e-11	
329	1.949845e+04	2.496879e-06,	1.272199e-11	
330	1.995262e+04	2.496879e-06,	1.243240e-11	
331	2.041738e+04	2.496879e-06,	1.214941e-11	
332	2.089296e+04	2.496879e-06,	1.187285e-11	
333	2.137962e+04	2.496879e-06,	1.160259e-11	
334	2.187762e+04	2.496879e-06,	1.133849e-11	
335	2.238721e+04	2.496879e-06,	1.108039e-11	
336	2.290868e+04	2.496879e-06,	1.082817e-11	
337	2.344229e+04	2.496879e-06,	1.058169e-11	
338	2.398833e+04	2.496879e-06,	1.034082e-11	
339	2.454709e+04	2.496879e-06,	1.010544e-11	
340	2.511886e+04	2.496879e-06,	9.875409e-12	
341	2.570396e+04	2.496879e-06,	9.650617e-12	
342	2.630268e+04	2.496879e-06,	9.430943e-12	
343	2.691535e+04	2.496879e-06,	9.216268e-12	
344	2.754229e+04	2.496879e-06,	9.006480e-12	

Index   frequency       v1#branch                       
--------------------------------------------------------------------------------
345	2.818383e+04	2.496879e-06,	8.801468e-12	
346	2.884032e+04	2.496879e-06,	8.601122e-12	
347	2.951209e+04	2.496879e-06,	8.405336e-12	
348	3.019952e+04	2.496879e-06,	8.214008e-12	
349	3.090295e+04	2.496879e-06,	8.027034e-12	
350	3.162278e+04	2.496879e-06,	7.844316e-12	
351	3.235937e+04	2.496879e-06,	7.665758e-12	
352	3.311311e+04	2.496879e-06,	7.491264e-12	
353	3.388442e+04	2.496879e-06,	7.320742e-12	
354	3.467369e+04	2.496879e-06,	7.154101e-12	
355	3.548134e+04	2.496879e-06,	6.991254e-12	
356	3.630781e+04	2.496879e-06,	6.832114e-12	
357	3.715352e+04	2.496879e-06,	6.676596e-12	
358	3.801894e+04	2.496879e-06,	6.524618e-12	
359	3.890451e+04	2.496879e-06,	6.376100e-12	
360	3.981072e+04	2.496879e-06,	6.230962e-12	
361	4.073803e+04	2.496879e-06,	6.089128e-12	
362	4.168694e+04	2.496879e-06,	5.950523e-12	
363	4.265795e+04	2.496879e-06,	5.815072e-12	
364	4.365158e+04	2.496879e-06,	5.682705e-12	
365	4.466836e+04	2.496879e-06,	5.553351e-12	
366	4.570882e+04	2.496879e-06,	5.426941e-12	
367	4.677351e+04	2.496879e-06,	5.303409e-12	
368	4.786301e+04	2.496879e-06,	5.182689e-12	
369	4.897788e+04	2.496879e-06,	5.064716e-12	
370	5.011872e+04	2.496879e-06,	4.949429e-12	
371	5.128614e+04	2.496879e-06,	4.836766e-12	
372	5.248075e+04	2.496879e-06,	4.726668e-12	
373	5.370318e+04	2.496879e-06,	4.619076e-12	
374	5.495409e+04	2.496879e-06,	4.513933e-12	
375	5.623413e+04	2.496879e-06,	4.411183e-12	
376	5.754399e+04	2.496879e-06,	4.310773e-12	
377	5.888437e+04	2.496879e-06,	4.212647e-12	
378	6.025596e+04	2.496879e-06,	4.116756e-12	
379	6.165950e+04	2.496879e-06,	4.023047e-12	
380	6.309573e+04	2.496879e-06,	3.931471e-12	
381	6.456542e+04	2.496879e-06,	3.841980e-12	
382	6.606934e+04	2.496879e-06,	3.754526e-12	
383	6.760830e+04	2.496879e-06,	3.669063e-12	
384	6.918310e+04	2.496879e-06,	3.585544e-12	
385	7.079458e+04	2.496879e-06,	3.503928e-12	
386	7.244360e+04	2.496879e-06,	3.424168e-12	
387	7.413102e+04	2.496879e-06,	3.346225e-12	
388	7.585776e+04	2.496879e-06,	3.270056e-12	
389	7.762471e+04	2.496879e-06,	3.195620e-12	
390	7.943282e+04	2.496879e-06,	3.122879e-12	
391	8.128305e+04	2.496879e-06,	3.051793e-12	
392	8.317638e+04	2.496879e-06,	2.982326e-12	
393	8.511380e+04	2.496879e-06,	2.914440e-12	
394	8.709636e+04	2.496879e-06,	2.848099e-12	
395	8.912509e+04	2.496879e-06,	2.783268e-12	
396	9.120108e+04	2.496879e-06,	2.719914e-12	
397	9.332543e+04	2.496879e-06,	2.658000e-12	
398	9.549926e+04	2.496879e-06,	2.597498e-12	
399	9.772372e+04	2.496879e-06,	2.538371e-12	
400	1.000000e+05	2.496879e-06,	2.480591e-12	
401	1.023293e+05	2.496879e-06,	2.424126e-12	
402	1.047129e+05	2.496879e-06,	2.368946e-12	

Index   frequency       v1#branch                       
--------------------------------------------------------------------------------
403	1.071519e+05	2.496879e-06,	2.315022e-12	
404	1.096478e+05	2.496879e-06,	2.262325e-12	
405	1.122018e+05	2.496879e-06,	2.210829e-12	
406	1.148154e+05	2.496879e-06,	2.160504e-12	
407	1.174898e+05	2.496879e-06,	2.111325e-12	
408	1.202264e+05	2.496879e-06,	2.063265e-12	
409	1.230269e+05	2.496879e-06,	2.016300e-12	
410	1.258925e+05	2.496879e-06,	1.970403e-12	
411	1.288250e+05	2.496879e-06,	1.925551e-12	
412	1.318257e+05	2.496879e-06,	1.881720e-12	
413	1.348963e+05	2.496879e-06,	1.838888e-12	
414	1.380384e+05	2.496879e-06,	1.797029e-12	
415	1.412538e+05	2.496879e-06,	1.756123e-12	
416	1.445440e+05	2.496879e-06,	1.716150e-12	
417	1.479108e+05	2.496879e-06,	1.677085e-12	
418	1.513561e+05	2.496879e-06,	1.638910e-12	
419	1.548817e+05	2.496879e-06,	1.601604e-12	
420	1.584893e+05	2.496879e-06,	1.565147e-12	
421	1.621810e+05	2.496879e-06,	1.529520e-12	
422	1.659587e+05	2.496879e-06,	1.494704e-12	
423	1.698244e+05	2.496879e-06,	1.460680e-12	
424	1.737801e+05	2.496879e-06,	1.427431e-12	
425	1.778279e+05	2.496879e-06,	1.394939e-12	
426	1.819701e+05	2.496879e-06,	1.363186e-12	
427	1.862087e+05	2.496879e-06,	1.332156e-12	
428	1.905461e+05	2.496879e-06,	1.301832e-12	
429	1.949845e+05	2.496879e-06,	1.272198e-12	
430	1.995262e+05	2.496879e-06,	1.243240e-12	
431	2.041738e+05	2.496879e-06,	1.214942e-12	
432	2.089296e+05	2.496879e-06,	1.187285e-12	
433	2.137962e+05	2.496879e-06,	1.160259e-12	
434	2.187762e+05	2.496879e-06,	1.133848e-12	
435	2.238721e+05	2.496879e-06,	1.108039e-12	
436	2.290868e+05	2.496879e-06,	1.082817e-12	
437	2.344229e+05	2.496879e-06,	1.058169e-12	
438	2.398833e+05	2.496879e-06,	1.034082e-12	
439	2.454709e+05	2.496879e-06,	1.010543e-12	
440	2.511886e+05	2.496879e-06,	9.875412e-13	
441	2.570396e+05	2.496879e-06,	9.650614e-13	
442	2.630268e+05	2.496879e-06,	9.430948e-13	
443	2.691535e+05	2.496879e-06,	9.216271e-13	
444	2.754229e+05	2.496879e-06,	9.006487e-13	
445	2.818383e+05	2.496879e-06,	8.801466e-13	
446	2.884032e+05	2.496879e-06,	8.601118e-13	
447	2.951209e+05	2.496879e-06,	8.405336e-13	
448	3.019952e+05	2.496879e-06,	8.214016e-13	
449	3.090295e+05	2.496879e-06,	8.027039e-13	
450	3.162278e+05	2.496879e-06,	7.844323e-13	
451	3.235937e+05	2.496879e-06,	7.665754e-13	
452	3.311311e+05	2.496879e-06,	7.491272e-13	
453	3.388442e+05	2.496879e-06,	7.320750e-13	
454	3.467369e+05	2.496879e-06,	7.154096e-13	
455	3.548134e+05	2.496879e-06,	6.991258e-13	
456	3.630781e+05	2.496879e-06,	6.832096e-13	
457	3.715352e+05	2.496879e-06,	6.676596e-13	
458	3.801894e+05	2.496879e-06,	6.524623e-13	
459	3.890451e+05	2.496879e-06,	6.376096e-13	
460	3.981072e+05	2.496879e-06,	6.230972e-13	

Index   frequency       v1#branch                       
--------------------------------------------------------------------------------
461	4.073803e+05	2.496879e-06,	6.089120e-13	
462	4.168694e+05	2.496879e-06,	5.950536e-13	
463	4.265795e+05	2.496879e-06,	5.815076e-13	
464	4.365158e+05	2.496879e-06,	5.682703e-13	
465	4.466836e+05	2.496879e-06,	5.553364e-13	
466	4.570882e+05	2.496879e-06,	5.426956e-13	
467	4.677351e+05	2.496879e-06,	5.303393e-13	
468	4.786301e+05	2.496879e-06,	5.182682e-13	
469	4.897788e+05	2.496879e-06,	5.064703e-13	
470	5.011872e+05	2.496879e-06,	4.949449e-13	
471	5.128614e+05	2.496879e-06,	4.836752e-13	
472	5.248075e+05	2.496879e-06,	4.726658e-13	
473	5.370318e+05	2.496879e-06,	4.619073e-13	
474	5.495409e+05	2.496879e-06,	4.513941e-13	
475	5.623413e+05	2.496879e-06,	4.411169e-13	
476	5.754399e+05	2.496879e-06,	4.310774e-13	
477	5.888437e+05	2.496879e-06,	4.212633e-13	
478	6.025596e+05	2.496879e-06,	4.116763e-13	
479	6.165950e+05	2.496879e-06,	4.023043e-13	
480	6.309573e+05	2.496879e-06,	3.931460e-13	
481	6.456542e+05	2.496879e-06,	3.841963e-13	
482	6.606934e+05	2.496879e-06,	3.754541e-13	
483	6.760830e+05	2.496879e-06,	3.669077e-13	
484	6.918310e+05	2.496879e-06,	3.585561e-13	
485	7.079458e+05	2.496879e-06,	3.503913e-13	
486	7.244360e+05	2.496879e-06,	3.424196e-13	
487	7.413102e+05	2.496879e-06,	3.346261e-13	
488	7.585776e+05	2.496879e-06,	3.270067e-13	
489	7.762471e+05	2.496879e-06,	3.195574e-13	
490	7.943282e+05	2.496879e-06,	3.122884e-13	
491	8.128305e+05	2.496879e-06,	3.051745e-13	
492	8.317638e+05	2.496879e-06,	2.982333e-13	
493	8.511380e+05	2.496879e-06,	2.914397e-13	
494	8.709636e+05	2.496879e-06,	2.848151e-13	
495	8.912509e+05	2.496879e-06,	2.783310e-13	
496	9.120108e+05	2.496879e-06,	2.719876e-13	
497	9.332543e+05	2.496879e-06,	2.657992e-13	
498	9.549926e+05	2.496879e-06,	2.597484e-13	
499	9.772372e+05	2.496879e-06,	2.538355e-13	
500	1.000000e+06	2.496879e-06,	2.480608e-13	
501	1.023293e+06	2.496879e-06,	2.424108e-13	
502	1.047129e+06	2.496879e-06,	2.368930e-13	
503	1.071519e+06	2.496879e-06,	2.315010e-13	
504	1.096478e+06	2.496879e-06,	2.262318e-13	
505	1.122018e+06	2.496879e-06,	2.210828e-13	
506	1.148154e+06	2.496879e-06,	2.160511e-13	
507	1.174898e+06	2.496879e-06,	2.111342e-13	
508	1.202264e+06	2.496879e-06,	2.063293e-13	
509	1.230269e+06	2.496879e-06,	2.016269e-13	
510	1.258925e+06	2.496879e-06,	1.970385e-13	
511	1.288250e+06	2.496879e-06,	1.925548e-13	
512	1.318257e+06	2.496879e-06,	1.881805e-13	
513	1.348963e+06	2.496879e-06,	1.838918e-13	
514	1.380384e+06	2.496879e-06,	1.796936e-13	
515	1.412538e+06	2.496879e-06,	1.756122e-13	
516	1.445440e+06	2.496879e-06,	1.716097e-13	
517	1.479108e+06	2.496879e-06,	1.677055e-13	
518	1.513561e+06	2.496879e-06,	1.638903e-13	

Index   frequency       v1#branch                       
--------------------------------------------------------------------------------
519	1.548817e+06	2.496879e-06,	1.601621e-13	
520	1.584893e+06	2.496879e-06,	1.565119e-13	
521	1.621810e+06	2.496879e-06,	1.529589e-13	
522	1.659587e+06	2.496879e-06,	1.494658e-13	
523	1.698244e+06	2.496879e-06,	1.460663e-13	
524	1.737801e+06	2.496879e-06,	1.427443e-13	
525	1.778279e+06	2.496879e-06,	1.394910e-13	
526	1.819701e+06	2.496879e-06,	1.363118e-13	
527	1.862087e+06	2.496879e-06,	1.332120e-13	
528	1.905461e+06	2.496879e-06,	1.301830e-13	
529	1.949845e+06	2.496879e-06,	1.272159e-13	
530	1.995262e+06	2.496879e-06,	1.243164e-13	
531	2.041738e+06	2.496879e-06,	1.214900e-13	
532	2.089296e+06	2.496879e-06,	1.187352e-13	
533	2.137962e+06	2.496879e-06,	1.160292e-13	
534	2.187762e+06	2.496879e-06,	1.133848e-13	
535	2.238721e+06	2.496879e-06,	1.108007e-13	
536	2.290868e+06	2.496879e-06,	1.082753e-13	
537	2.344229e+06	2.496879e-06,	1.058216e-13	
538	2.398833e+06	2.496879e-06,	1.034099e-13	
539	2.454709e+06	2.496879e-06,	1.010531e-13	
540	2.511886e+06	2.496879e-06,	9.874996e-14	
541	2.570396e+06	2.496879e-06,	9.649923e-14	
542	2.630268e+06	2.496879e-06,	9.431391e-14	
543	2.691535e+06	2.496879e-06,	9.216448e-14	
544	2.754229e+06	2.496879e-06,	9.006398e-14	
545	2.818383e+06	2.496879e-06,	8.801129e-14	
546	2.884032e+06	2.496879e-06,	8.600533e-14	
547	2.951209e+06	2.496879e-06,	8.405920e-14	
548	3.019952e+06	2.496879e-06,	8.214352e-14	
549	3.090295e+06	2.496879e-06,	8.027145e-14	
550	3.162278e+06	2.496879e-06,	7.844199e-14	
551	3.235937e+06	2.496879e-06,	7.665417e-14	
552	3.311311e+06	2.496879e-06,	7.490705e-14	
553	3.388442e+06	2.496879e-06,	7.319970e-14	
554	3.467369e+06	2.496879e-06,	7.155956e-14	
555	3.548134e+06	2.496879e-06,	6.991488e-14	
556	3.630781e+06	2.496879e-06,	6.832149e-14	
557	3.715352e+06	2.496879e-06,	6.676437e-14	
558	3.801894e+06	2.496879e-06,	6.522851e-14	
559	3.890451e+06	2.496879e-06,	6.374147e-14	
560	3.981072e+06	2.496879e-06,	6.231663e-14	
561	4.073803e+06	2.496879e-06,	6.088234e-14	
562	4.168694e+06	2.496879e-06,	5.949455e-14	
563	4.265795e+06	2.496879e-06,	5.813836e-14	
564	4.365158e+06	2.496879e-06,	5.681303e-14	
565	4.466836e+06	2.496879e-06,	5.554622e-14	
566	4.570882e+06	2.496879e-06,	5.428055e-14	
567	4.677351e+06	2.496879e-06,	5.304368e-14	
568	4.786301e+06	2.496879e-06,	5.183497e-14	
569	4.897788e+06	2.496879e-06,	5.065377e-14	
570	5.011872e+06	2.496879e-06,	4.949946e-14	
571	5.128614e+06	2.496879e-06,	4.837142e-14	
572	5.248075e+06	2.496879e-06,	4.724071e-14	
573	5.370318e+06	2.496879e-06,	4.619180e-14	
574	5.495409e+06	2.496879e-06,	4.516740e-14	
575	5.623413e+06	2.496879e-06,	4.411027e-14	
576	5.754399e+06	2.496879e-06,	4.310491e-14	

Index   frequency       v1#branch                       
--------------------------------------------------------------------------------
577	5.888437e+06	2.496879e-06,	4.212243e-14	
578	6.025596e+06	2.496879e-06,	4.116232e-14	
579	6.165950e+06	2.496879e-06,	4.022406e-14	
580	6.309573e+06	2.496879e-06,	3.930715e-14	
581	6.456542e+06	2.496879e-06,	3.841112e-14	
582	6.606934e+06	2.496879e-06,	3.753549e-14	
583	6.760830e+06	2.496879e-06,	3.667979e-14	
584	6.918310e+06	2.496879e-06,	3.584356e-14	
585	7.079458e+06	2.496879e-06,	3.499802e-14	
586	7.244360e+06	2.496879e-06,	3.422778e-14	
587	7.413102e+06	2.496879e-06,	3.344737e-14	
588	7.585776e+06	2.496879e-06,	3.271308e-14	
589	7.762471e+06	2.496879e-06,	3.193944e-14	
590	7.943282e+06	2.496879e-06,	3.123947e-14	
591	8.128305e+06	2.496879e-06,	3.049938e-14	
592	8.317638e+06	2.496879e-06,	2.980384e-14	
593	8.511380e+06	2.496879e-06,	2.912413e-14	
594	8.709636e+06	2.496879e-06,	2.845989e-14	
595	8.912509e+06	2.496879e-06,	2.781077e-14	
596	9.120108e+06	2.496879e-06,	2.717643e-14	
597	9.332543e+06	2.496879e-06,	2.655653e-14	
598	9.549926e+06	2.496879e-06,	2.595074e-14	
599	9.772372e+06	2.496879e-06,	2.535874e-14	
600	1.000000e+07	2.496879e-06,	2.478021e-14	
601	1.023293e+07	2.496879e-06,	2.421485e-14	
602	1.047129e+07	2.496879e-06,	2.366237e-14	
603	1.071519e+07	2.496879e-06,	2.312245e-14	
604	1.096478e+07	2.496879e-06,	2.265153e-14	
605	1.122018e+07	2.496879e-06,	2.207922e-14	
606	1.148154e+07	2.496879e-06,	2.163205e-14	
607	1.174898e+07	2.496879e-06,	2.113964e-14	
608	1.202264e+07	2.496879e-06,	2.065845e-14	
609	1.230269e+07	2.496879e-06,	2.018820e-14	
610	1.258925e+07	2.496879e-06,	1.967196e-14	
611	1.288250e+07	2.496879e-06,	1.927958e-14	
612	1.318257e+07	2.496879e-06,	1.884073e-14	
613	1.348963e+07	2.496879e-06,	1.841186e-14	
614	1.380384e+07	2.496879e-06,	1.799275e-14	
615	1.412538e+07	2.496879e-06,	1.758319e-14	
616	1.445440e+07	2.496879e-06,	1.718295e-14	
617	1.479108e+07	2.496879e-06,	1.679181e-14	
618	1.513561e+07	2.496879e-06,	1.640959e-14	
619	1.548817e+07	2.496879e-06,	1.597936e-14	
620	1.584893e+07	2.496879e-06,	1.567103e-14	
621	1.621810e+07	2.496879e-06,	1.531432e-14	
622	1.659587e+07	2.496879e-06,	1.496572e-14	
623	1.698244e+07	2.496879e-06,	1.462506e-14	
624	1.737801e+07	2.496879e-06,	1.429215e-14	
625	1.778279e+07	2.496879e-06,	1.396682e-14	
626	1.819701e+07	2.496879e-06,	1.364890e-14	
627	1.862087e+07	2.496879e-06,	1.333821e-14	
628	1.905461e+07	2.496879e-06,	1.303460e-14	
629	1.949845e+07	2.496879e-06,	1.273789e-14	
630	1.995262e+07	2.496879e-06,	1.244794e-14	
631	2.041738e+07	2.496879e-06,	1.216459e-14	
632	2.089296e+07	2.496879e-06,	1.188769e-14	
633	2.137962e+07	2.496879e-06,	1.161710e-14	
634	2.187762e+07	2.496879e-06,	1.135266e-14	

Index   frequency       v1#branch                       
--------------------------------------------------------------------------------
635	2.238721e+07	2.496879e-06,	1.098084e-14	
636	2.290868e+07	2.496879e-06,	1.084171e-14	
637	2.344229e+07	2.496879e-06,	1.059492e-14	
638	2.398833e+07	2.496879e-06,	1.035375e-14	
639	2.454709e+07	2.496879e-06,	1.011807e-14	
640	2.511886e+07	2.496879e-06,	9.887753e-15	
641	2.570396e+07	2.496879e-06,	9.549278e-15	
642	2.630268e+07	2.496879e-06,	9.442731e-15	
643	2.691535e+07	2.496879e-06,	9.227788e-15	
644	2.754229e+07	2.496879e-06,	8.904335e-15	
645	2.818383e+07	2.496879e-06,	8.812470e-15	
646	2.884032e+07	2.496879e-06,	8.611873e-15	
647	2.951209e+07	2.496879e-06,	8.415843e-15	
648	3.019952e+07	2.496879e-06,	8.224275e-15	
649	3.090295e+07	2.496879e-06,	8.037068e-15	
650	3.162278e+07	2.496879e-06,	7.854122e-15	
651	3.235937e+07	2.496879e-06,	7.675340e-15	
652	3.311311e+07	2.496879e-06,	7.500628e-15	
653	3.388442e+07	2.496879e-06,	7.329893e-15	
654	3.467369e+07	2.496879e-06,	7.163044e-15	
655	3.548134e+07	2.496879e-06,	6.999993e-15	
656	3.630781e+07	2.496879e-06,	6.840654e-15	
657	3.715352e+07	2.496879e-06,	6.684942e-15	
658	3.801894e+07	2.496879e-06,	6.532774e-15	
659	3.890451e+07	2.496879e-06,	6.384070e-15	
660	3.981072e+07	2.496879e-06,	6.238751e-15	
661	4.073803e+07	2.496879e-06,	6.096739e-15	
662	4.168694e+07	2.496879e-06,	5.957961e-15	
663	4.265795e+07	2.496879e-06,	5.822341e-15	
664	4.365158e+07	2.496879e-06,	5.689808e-15	
665	4.466836e+07	2.496879e-06,	5.333486e-15	
666	4.570882e+07	2.496879e-06,	5.433725e-15	
667	4.677351e+07	2.496879e-06,	5.310038e-15	
668	4.786301e+07	2.496879e-06,	5.189167e-15	
669	4.897788e+07	2.496879e-06,	5.071047e-15	
670	5.011872e+07	2.496879e-06,	4.955616e-15	
671	5.128614e+07	2.496879e-06,	4.842812e-15	
672	5.248075e+07	2.496879e-06,	4.732576e-15	
673	5.370318e+07	2.496879e-06,	4.398043e-15	
674	5.495409e+07	2.496879e-06,	4.519575e-15	
675	5.623413e+07	2.496879e-06,	4.416697e-15	
676	5.754399e+07	2.496879e-06,	4.316161e-15	
677	5.888437e+07	2.496879e-06,	4.217913e-15	
678	6.025596e+07	2.496879e-06,	4.121902e-15	
679	6.165950e+07	2.496879e-06,	4.028076e-15	
680	6.309573e+07	2.496879e-06,	3.936386e-15	
681	6.456542e+07	2.496879e-06,	3.846782e-15	
682	6.606934e+07	2.496879e-06,	3.759219e-15	
683	6.760830e+07	2.496879e-06,	3.673649e-15	
684	6.918310e+07	2.496879e-06,	3.590026e-15	
685	7.079458e+07	2.496879e-06,	3.508307e-15	
686	7.244360e+07	2.496879e-06,	3.428448e-15	
687	7.413102e+07	2.496879e-06,	3.350407e-15	
688	7.585776e+07	2.496879e-06,	3.274143e-15	
689	7.762471e+07	2.496879e-06,	3.199614e-15	
690	7.943282e+07	2.496879e-06,	3.126782e-15	
691	8.128305e+07	2.496879e-06,	3.055608e-15	
692	8.317638e+07	2.496879e-06,	2.986054e-15	

Index   frequency       v1#branch                       
--------------------------------------------------------------------------------
693	8.511380e+07	2.496879e-06,	2.918083e-15	
694	8.709636e+07	2.496879e-06,	2.851659e-15	
695	8.912509e+07	2.496879e-06,	2.786748e-15	
696	9.120108e+07	2.496879e-06,	2.269701e-15	
697	9.332543e+07	2.496879e-06,	2.207711e-15	
698	9.549926e+07	2.496879e-06,	2.600744e-15	
699	9.772372e+07	2.496879e-06,	2.541544e-15	
700	1.000000e+08	2.496879e-06,	2.483691e-15	

* /home/saurabh/installer_main_workshop/esim-1.1.2/examples/bjt_frequency_response/bjt_frequency_response.cir
AC Analysis  Sat Aug 21 13:57:36  2021
--------------------------------------------------------------------------------
Index   frequency       v2#branch                       
--------------------------------------------------------------------------------
0	1.000000e+01	-1.24832e-05,	-1.24017e-07	
1	1.023293e+01	-1.24832e-05,	-1.21195e-07	
2	1.047129e+01	-1.24833e-05,	-1.18437e-07	
3	1.071519e+01	-1.24833e-05,	-1.15741e-07	
4	1.096478e+01	-1.24834e-05,	-1.13107e-07	
5	1.122018e+01	-1.24834e-05,	-1.10533e-07	
6	1.148154e+01	-1.24835e-05,	-1.08017e-07	
7	1.174898e+01	-1.24835e-05,	-1.05559e-07	
8	1.202264e+01	-1.24835e-05,	-1.03156e-07	
9	1.230269e+01	-1.24836e-05,	-1.00808e-07	
10	1.258925e+01	-1.24836e-05,	-9.85140e-08	
11	1.288250e+01	-1.24837e-05,	-9.62718e-08	
12	1.318257e+01	-1.24837e-05,	-9.40807e-08	
13	1.348963e+01	-1.24837e-05,	-9.19394e-08	
14	1.380384e+01	-1.24837e-05,	-8.98468e-08	
15	1.412538e+01	-1.24838e-05,	-8.78018e-08	
16	1.445440e+01	-1.24838e-05,	-8.58034e-08	
17	1.479108e+01	-1.24838e-05,	-8.38505e-08	
18	1.513561e+01	-1.24839e-05,	-8.19420e-08	
19	1.548817e+01	-1.24839e-05,	-8.00769e-08	
20	1.584893e+01	-1.24839e-05,	-7.82543e-08	
21	1.621810e+01	-1.24839e-05,	-7.64731e-08	
22	1.659587e+01	-1.24839e-05,	-7.47325e-08	
23	1.698244e+01	-1.24840e-05,	-7.30315e-08	
24	1.737801e+01	-1.24840e-05,	-7.13692e-08	
25	1.778279e+01	-1.24840e-05,	-6.97448e-08	
26	1.819701e+01	-1.24840e-05,	-6.81573e-08	
27	1.862087e+01	-1.24840e-05,	-6.66059e-08	
28	1.905461e+01	-1.24841e-05,	-6.50899e-08	
29	1.949845e+01	-1.24841e-05,	-6.36083e-08	
30	1.995262e+01	-1.24841e-05,	-6.21605e-08	
31	2.041738e+01	-1.24841e-05,	-6.07456e-08	
32	2.089296e+01	-1.24841e-05,	-5.93629e-08	
33	2.137962e+01	-1.24841e-05,	-5.80117e-08	
34	2.187762e+01	-1.24841e-05,	-5.66913e-08	
35	2.238721e+01	-1.24841e-05,	-5.54009e-08	
36	2.290868e+01	-1.24842e-05,	-5.41398e-08	
37	2.344229e+01	-1.24842e-05,	-5.29075e-08	
38	2.398833e+01	-1.24842e-05,	-5.17032e-08	
39	2.454709e+01	-1.24842e-05,	-5.05264e-08	
40	2.511886e+01	-1.24842e-05,	-4.93763e-08	
41	2.570396e+01	-1.24842e-05,	-4.82524e-08	
42	2.630268e+01	-1.24842e-05,	-4.71540e-08	
43	2.691535e+01	-1.24842e-05,	-4.60807e-08	
44	2.754229e+01	-1.24842e-05,	-4.50318e-08	
45	2.818383e+01	-1.24842e-05,	-4.40068e-08	
46	2.884032e+01	-1.24842e-05,	-4.30051e-08	
47	2.951209e+01	-1.24843e-05,	-4.20262e-08	
48	3.019952e+01	-1.24843e-05,	-4.10696e-08	
49	3.090295e+01	-1.24843e-05,	-4.01348e-08	
50	3.162278e+01	-1.24843e-05,	-3.92212e-08	
51	3.235937e+01	-1.24843e-05,	-3.83284e-08	
52	3.311311e+01	-1.24843e-05,	-3.74560e-08	
53	3.388442e+01	-1.24843e-05,	-3.66034e-08	
54	3.467369e+01	-1.24843e-05,	-3.57702e-08	

Index   frequency       v2#branch                       
--------------------------------------------------------------------------------
55	3.548134e+01	-1.24843e-05,	-3.49560e-08	
56	3.630781e+01	-1.24843e-05,	-3.41603e-08	
57	3.715352e+01	-1.24843e-05,	-3.33827e-08	
58	3.801894e+01	-1.24843e-05,	-3.26229e-08	
59	3.890451e+01	-1.24843e-05,	-3.18803e-08	
60	3.981072e+01	-1.24843e-05,	-3.11546e-08	
61	4.073803e+01	-1.24843e-05,	-3.04455e-08	
62	4.168694e+01	-1.24843e-05,	-2.97524e-08	
63	4.265795e+01	-1.24843e-05,	-2.90752e-08	
64	4.365158e+01	-1.24843e-05,	-2.84134e-08	
65	4.466836e+01	-1.24843e-05,	-2.77666e-08	
66	4.570882e+01	-1.24843e-05,	-2.71346e-08	
67	4.677351e+01	-1.24843e-05,	-2.65169e-08	
68	4.786301e+01	-1.24843e-05,	-2.59133e-08	
69	4.897788e+01	-1.24843e-05,	-2.53235e-08	
70	5.011872e+01	-1.24843e-05,	-2.47470e-08	
71	5.128614e+01	-1.24843e-05,	-2.41837e-08	
72	5.248075e+01	-1.24843e-05,	-2.36333e-08	
73	5.370318e+01	-1.24844e-05,	-2.30953e-08	
74	5.495409e+01	-1.24844e-05,	-2.25696e-08	
75	5.623413e+01	-1.24844e-05,	-2.20558e-08	
76	5.754399e+01	-1.24844e-05,	-2.15538e-08	
77	5.888437e+01	-1.24844e-05,	-2.10632e-08	
78	6.025596e+01	-1.24844e-05,	-2.05837e-08	
79	6.165950e+01	-1.24844e-05,	-2.01152e-08	
80	6.309573e+01	-1.24844e-05,	-1.96573e-08	
81	6.456542e+01	-1.24844e-05,	-1.92099e-08	
82	6.606934e+01	-1.24844e-05,	-1.87726e-08	
83	6.760830e+01	-1.24844e-05,	-1.83453e-08	
84	6.918310e+01	-1.24844e-05,	-1.79277e-08	
85	7.079458e+01	-1.24844e-05,	-1.75196e-08	
86	7.244360e+01	-1.24844e-05,	-1.71208e-08	
87	7.413102e+01	-1.24844e-05,	-1.67311e-08	
88	7.585776e+01	-1.24844e-05,	-1.63502e-08	
89	7.762471e+01	-1.24844e-05,	-1.59781e-08	
90	7.943282e+01	-1.24844e-05,	-1.56144e-08	
91	8.128305e+01	-1.24844e-05,	-1.52589e-08	
92	8.317638e+01	-1.24844e-05,	-1.49116e-08	
93	8.511380e+01	-1.24844e-05,	-1.45722e-08	
94	8.709636e+01	-1.24844e-05,	-1.42405e-08	
95	8.912509e+01	-1.24844e-05,	-1.39163e-08	
96	9.120108e+01	-1.24844e-05,	-1.35996e-08	
97	9.332543e+01	-1.24844e-05,	-1.32900e-08	
98	9.549926e+01	-1.24844e-05,	-1.29875e-08	
99	9.772372e+01	-1.24844e-05,	-1.26918e-08	
100	1.000000e+02	-1.24844e-05,	-1.24029e-08	
101	1.023293e+02	-1.24844e-05,	-1.21206e-08	
102	1.047129e+02	-1.24844e-05,	-1.18447e-08	
103	1.071519e+02	-1.24844e-05,	-1.15751e-08	
104	1.096478e+02	-1.24844e-05,	-1.13116e-08	
105	1.122018e+02	-1.24844e-05,	-1.10541e-08	
106	1.148154e+02	-1.24844e-05,	-1.08025e-08	
107	1.174898e+02	-1.24844e-05,	-1.05566e-08	
108	1.202264e+02	-1.24844e-05,	-1.03163e-08	
109	1.230269e+02	-1.24844e-05,	-1.00815e-08	
110	1.258925e+02	-1.24844e-05,	-9.85201e-09	
111	1.288250e+02	-1.24844e-05,	-9.62775e-09	
112	1.318257e+02	-1.24844e-05,	-9.40860e-09	

Index   frequency       v2#branch                       
--------------------------------------------------------------------------------
113	1.348963e+02	-1.24844e-05,	-9.19443e-09	
114	1.380384e+02	-1.24844e-05,	-8.98514e-09	
115	1.412538e+02	-1.24844e-05,	-8.78061e-09	
116	1.445440e+02	-1.24844e-05,	-8.58074e-09	
117	1.479108e+02	-1.24844e-05,	-8.38542e-09	
118	1.513561e+02	-1.24844e-05,	-8.19455e-09	
119	1.548817e+02	-1.24844e-05,	-8.00802e-09	
120	1.584893e+02	-1.24844e-05,	-7.82573e-09	
121	1.621810e+02	-1.24844e-05,	-7.64760e-09	
122	1.659587e+02	-1.24844e-05,	-7.47352e-09	
123	1.698244e+02	-1.24844e-05,	-7.30340e-09	
124	1.737801e+02	-1.24844e-05,	-7.13715e-09	
125	1.778279e+02	-1.24844e-05,	-6.97469e-09	
126	1.819701e+02	-1.24844e-05,	-6.81593e-09	
127	1.862087e+02	-1.24844e-05,	-6.66078e-09	
128	1.905461e+02	-1.24844e-05,	-6.50916e-09	
129	1.949845e+02	-1.24844e-05,	-6.36099e-09	
130	1.995262e+02	-1.24844e-05,	-6.21620e-09	
131	2.041738e+02	-1.24844e-05,	-6.07470e-09	
132	2.089296e+02	-1.24844e-05,	-5.93643e-09	
133	2.137962e+02	-1.24844e-05,	-5.80130e-09	
134	2.187762e+02	-1.24844e-05,	-5.66924e-09	
135	2.238721e+02	-1.24844e-05,	-5.54019e-09	
136	2.290868e+02	-1.24844e-05,	-5.41408e-09	
137	2.344229e+02	-1.24844e-05,	-5.29084e-09	
138	2.398833e+02	-1.24844e-05,	-5.17041e-09	
139	2.454709e+02	-1.24844e-05,	-5.05272e-09	
140	2.511886e+02	-1.24844e-05,	-4.93770e-09	
141	2.570396e+02	-1.24844e-05,	-4.82531e-09	
142	2.630268e+02	-1.24844e-05,	-4.71547e-09	
143	2.691535e+02	-1.24844e-05,	-4.60813e-09	
144	2.754229e+02	-1.24844e-05,	-4.50324e-09	
145	2.818383e+02	-1.24844e-05,	-4.40073e-09	
146	2.884032e+02	-1.24844e-05,	-4.30056e-09	
147	2.951209e+02	-1.24844e-05,	-4.20267e-09	
148	3.019952e+02	-1.24844e-05,	-4.10700e-09	
149	3.090295e+02	-1.24844e-05,	-4.01352e-09	
150	3.162278e+02	-1.24844e-05,	-3.92216e-09	
151	3.235937e+02	-1.24844e-05,	-3.83288e-09	
152	3.311311e+02	-1.24844e-05,	-3.74563e-09	
153	3.388442e+02	-1.24844e-05,	-3.66037e-09	
154	3.467369e+02	-1.24844e-05,	-3.57705e-09	
155	3.548134e+02	-1.24844e-05,	-3.49563e-09	
156	3.630781e+02	-1.24844e-05,	-3.41606e-09	
157	3.715352e+02	-1.24844e-05,	-3.33830e-09	
158	3.801894e+02	-1.24844e-05,	-3.26231e-09	
159	3.890451e+02	-1.24844e-05,	-3.18805e-09	
160	3.981072e+02	-1.24844e-05,	-3.11548e-09	
161	4.073803e+02	-1.24844e-05,	-3.04456e-09	
162	4.168694e+02	-1.24844e-05,	-2.97526e-09	
163	4.265795e+02	-1.24844e-05,	-2.90754e-09	
164	4.365158e+02	-1.24844e-05,	-2.84135e-09	
165	4.466836e+02	-1.24844e-05,	-2.77668e-09	
166	4.570882e+02	-1.24844e-05,	-2.71347e-09	
167	4.677351e+02	-1.24844e-05,	-2.65170e-09	
168	4.786301e+02	-1.24844e-05,	-2.59134e-09	
169	4.897788e+02	-1.24844e-05,	-2.53236e-09	
170	5.011872e+02	-1.24844e-05,	-2.47471e-09	

Index   frequency       v2#branch                       
--------------------------------------------------------------------------------
171	5.128614e+02	-1.24844e-05,	-2.41838e-09	
172	5.248075e+02	-1.24844e-05,	-2.36333e-09	
173	5.370318e+02	-1.24844e-05,	-2.30954e-09	
174	5.495409e+02	-1.24844e-05,	-2.25697e-09	
175	5.623413e+02	-1.24844e-05,	-2.20559e-09	
176	5.754399e+02	-1.24844e-05,	-2.15539e-09	
177	5.888437e+02	-1.24844e-05,	-2.10632e-09	
178	6.025596e+02	-1.24844e-05,	-2.05838e-09	
179	6.165950e+02	-1.24844e-05,	-2.01152e-09	
180	6.309573e+02	-1.24844e-05,	-1.96574e-09	
181	6.456542e+02	-1.24844e-05,	-1.92099e-09	
182	6.606934e+02	-1.24844e-05,	-1.87726e-09	
183	6.760830e+02	-1.24844e-05,	-1.83453e-09	
184	6.918310e+02	-1.24844e-05,	-1.79277e-09	
185	7.079458e+02	-1.24844e-05,	-1.75196e-09	
186	7.244360e+02	-1.24844e-05,	-1.71208e-09	
187	7.413102e+02	-1.24844e-05,	-1.67311e-09	
188	7.585776e+02	-1.24844e-05,	-1.63503e-09	
189	7.762471e+02	-1.24844e-05,	-1.59781e-09	
190	7.943282e+02	-1.24844e-05,	-1.56144e-09	
191	8.128305e+02	-1.24844e-05,	-1.52590e-09	
192	8.317638e+02	-1.24844e-05,	-1.49116e-09	
193	8.511380e+02	-1.24844e-05,	-1.45722e-09	
194	8.709636e+02	-1.24844e-05,	-1.42405e-09	
195	8.912509e+02	-1.24844e-05,	-1.39163e-09	
196	9.120108e+02	-1.24844e-05,	-1.35996e-09	
197	9.332543e+02	-1.24844e-05,	-1.32900e-09	
198	9.549926e+02	-1.24844e-05,	-1.29875e-09	
199	9.772372e+02	-1.24844e-05,	-1.26919e-09	
200	1.000000e+03	-1.24844e-05,	-1.24030e-09	
201	1.023293e+03	-1.24844e-05,	-1.21206e-09	
202	1.047129e+03	-1.24844e-05,	-1.18447e-09	
203	1.071519e+03	-1.24844e-05,	-1.15751e-09	
204	1.096478e+03	-1.24844e-05,	-1.13116e-09	
205	1.122018e+03	-1.24844e-05,	-1.10541e-09	
206	1.148154e+03	-1.24844e-05,	-1.08025e-09	
207	1.174898e+03	-1.24844e-05,	-1.05566e-09	
208	1.202264e+03	-1.24844e-05,	-1.03163e-09	
209	1.230269e+03	-1.24844e-05,	-1.00815e-09	
210	1.258925e+03	-1.24844e-05,	-9.85202e-10	
211	1.288250e+03	-1.24844e-05,	-9.62776e-10	
212	1.318257e+03	-1.24844e-05,	-9.40860e-10	
213	1.348963e+03	-1.24844e-05,	-9.19444e-10	
214	1.380384e+03	-1.24844e-05,	-8.98515e-10	
215	1.412538e+03	-1.24844e-05,	-8.78062e-10	
216	1.445440e+03	-1.24844e-05,	-8.58075e-10	
217	1.479108e+03	-1.24844e-05,	-8.38543e-10	
218	1.513561e+03	-1.24844e-05,	-8.19455e-10	
219	1.548817e+03	-1.24844e-05,	-8.00802e-10	
220	1.584893e+03	-1.24844e-05,	-7.82573e-10	
221	1.621810e+03	-1.24844e-05,	-7.64760e-10	
222	1.659587e+03	-1.24844e-05,	-7.47352e-10	
223	1.698244e+03	-1.24844e-05,	-7.30340e-10	
224	1.737801e+03	-1.24844e-05,	-7.13715e-10	
225	1.778279e+03	-1.24844e-05,	-6.97469e-10	
226	1.819701e+03	-1.24844e-05,	-6.81593e-10	
227	1.862087e+03	-1.24844e-05,	-6.66078e-10	
228	1.905461e+03	-1.24844e-05,	-6.50916e-10	

Index   frequency       v2#branch                       
--------------------------------------------------------------------------------
229	1.949845e+03	-1.24844e-05,	-6.36100e-10	
230	1.995262e+03	-1.24844e-05,	-6.21620e-10	
231	2.041738e+03	-1.24844e-05,	-6.07470e-10	
232	2.089296e+03	-1.24844e-05,	-5.93643e-10	
233	2.137962e+03	-1.24844e-05,	-5.80130e-10	
234	2.187762e+03	-1.24844e-05,	-5.66924e-10	
235	2.238721e+03	-1.24844e-05,	-5.54020e-10	
236	2.290868e+03	-1.24844e-05,	-5.41409e-10	
237	2.344229e+03	-1.24844e-05,	-5.29085e-10	
238	2.398833e+03	-1.24844e-05,	-5.17041e-10	
239	2.454709e+03	-1.24844e-05,	-5.05272e-10	
240	2.511886e+03	-1.24844e-05,	-4.93771e-10	
241	2.570396e+03	-1.24844e-05,	-4.82531e-10	
242	2.630268e+03	-1.24844e-05,	-4.71547e-10	
243	2.691535e+03	-1.24844e-05,	-4.60813e-10	
244	2.754229e+03	-1.24844e-05,	-4.50324e-10	
245	2.818383e+03	-1.24844e-05,	-4.40073e-10	
246	2.884032e+03	-1.24844e-05,	-4.30056e-10	
247	2.951209e+03	-1.24844e-05,	-4.20267e-10	
248	3.019952e+03	-1.24844e-05,	-4.10700e-10	
249	3.090295e+03	-1.24844e-05,	-4.01352e-10	
250	3.162278e+03	-1.24844e-05,	-3.92216e-10	
251	3.235937e+03	-1.24844e-05,	-3.83288e-10	
252	3.311311e+03	-1.24844e-05,	-3.74563e-10	
253	3.388442e+03	-1.24844e-05,	-3.66037e-10	
254	3.467369e+03	-1.24844e-05,	-3.57705e-10	
255	3.548134e+03	-1.24844e-05,	-3.49563e-10	
256	3.630781e+03	-1.24844e-05,	-3.41606e-10	
257	3.715352e+03	-1.24844e-05,	-3.33830e-10	
258	3.801894e+03	-1.24844e-05,	-3.26231e-10	
259	3.890451e+03	-1.24844e-05,	-3.18805e-10	
260	3.981072e+03	-1.24844e-05,	-3.11548e-10	
261	4.073803e+03	-1.24844e-05,	-3.04456e-10	
262	4.168694e+03	-1.24844e-05,	-2.97526e-10	
263	4.265795e+03	-1.24844e-05,	-2.90754e-10	
264	4.365158e+03	-1.24844e-05,	-2.84135e-10	
265	4.466836e+03	-1.24844e-05,	-2.77668e-10	
266	4.570882e+03	-1.24844e-05,	-2.71347e-10	
267	4.677351e+03	-1.24844e-05,	-2.65170e-10	
268	4.786301e+03	-1.24844e-05,	-2.59134e-10	
269	4.897788e+03	-1.24844e-05,	-2.53236e-10	
270	5.011872e+03	-1.24844e-05,	-2.47471e-10	
271	5.128614e+03	-1.24844e-05,	-2.41838e-10	
272	5.248075e+03	-1.24844e-05,	-2.36333e-10	
273	5.370318e+03	-1.24844e-05,	-2.30954e-10	
274	5.495409e+03	-1.24844e-05,	-2.25697e-10	
275	5.623413e+03	-1.24844e-05,	-2.20559e-10	
276	5.754399e+03	-1.24844e-05,	-2.15539e-10	
277	5.888437e+03	-1.24844e-05,	-2.10632e-10	
278	6.025596e+03	-1.24844e-05,	-2.05838e-10	
279	6.165950e+03	-1.24844e-05,	-2.01152e-10	
280	6.309573e+03	-1.24844e-05,	-1.96574e-10	
281	6.456542e+03	-1.24844e-05,	-1.92099e-10	
282	6.606934e+03	-1.24844e-05,	-1.87726e-10	
283	6.760830e+03	-1.24844e-05,	-1.83453e-10	
284	6.918310e+03	-1.24844e-05,	-1.79277e-10	
285	7.079458e+03	-1.24844e-05,	-1.75196e-10	
286	7.244360e+03	-1.24844e-05,	-1.71208e-10	

Index   frequency       v2#branch                       
--------------------------------------------------------------------------------
287	7.413102e+03	-1.24844e-05,	-1.67311e-10	
288	7.585776e+03	-1.24844e-05,	-1.63503e-10	
289	7.762471e+03	-1.24844e-05,	-1.59781e-10	
290	7.943282e+03	-1.24844e-05,	-1.56144e-10	
291	8.128305e+03	-1.24844e-05,	-1.52590e-10	
292	8.317638e+03	-1.24844e-05,	-1.49116e-10	
293	8.511380e+03	-1.24844e-05,	-1.45722e-10	
294	8.709636e+03	-1.24844e-05,	-1.42405e-10	
295	8.912509e+03	-1.24844e-05,	-1.39163e-10	
296	9.120108e+03	-1.24844e-05,	-1.35996e-10	
297	9.332543e+03	-1.24844e-05,	-1.32900e-10	
298	9.549926e+03	-1.24844e-05,	-1.29875e-10	
299	9.772372e+03	-1.24844e-05,	-1.26919e-10	
300	1.000000e+04	-1.24844e-05,	-1.24030e-10	
301	1.023293e+04	-1.24844e-05,	-1.21206e-10	
302	1.047129e+04	-1.24844e-05,	-1.18447e-10	
303	1.071519e+04	-1.24844e-05,	-1.15751e-10	
304	1.096478e+04	-1.24844e-05,	-1.13116e-10	
305	1.122018e+04	-1.24844e-05,	-1.10541e-10	
306	1.148154e+04	-1.24844e-05,	-1.08025e-10	
307	1.174898e+04	-1.24844e-05,	-1.05566e-10	
308	1.202264e+04	-1.24844e-05,	-1.03163e-10	
309	1.230269e+04	-1.24844e-05,	-1.00815e-10	
310	1.258925e+04	-1.24844e-05,	-9.85201e-11	
311	1.288250e+04	-1.24844e-05,	-9.62777e-11	
312	1.318257e+04	-1.24844e-05,	-9.40861e-11	
313	1.348963e+04	-1.24844e-05,	-9.19445e-11	
314	1.380384e+04	-1.24844e-05,	-8.98514e-11	
315	1.412538e+04	-1.24844e-05,	-8.78062e-11	
316	1.445440e+04	-1.24844e-05,	-8.58074e-11	
317	1.479108e+04	-1.24844e-05,	-8.38545e-11	
318	1.513561e+04	-1.24844e-05,	-8.19455e-11	
319	1.548817e+04	-1.24844e-05,	-8.00803e-11	
320	1.584893e+04	-1.24844e-05,	-7.82570e-11	
321	1.621810e+04	-1.24844e-05,	-7.64758e-11	
322	1.659587e+04	-1.24844e-05,	-7.47353e-11	
323	1.698244e+04	-1.24844e-05,	-7.30338e-11	
324	1.737801e+04	-1.24844e-05,	-7.13713e-11	
325	1.778279e+04	-1.24844e-05,	-6.97469e-11	
326	1.819701e+04	-1.24844e-05,	-6.81593e-11	
327	1.862087e+04	-1.24844e-05,	-6.66080e-11	
328	1.905461e+04	-1.24844e-05,	-6.50916e-11	
329	1.949845e+04	-1.24844e-05,	-6.36099e-11	
330	1.995262e+04	-1.24844e-05,	-6.21622e-11	
331	2.041738e+04	-1.24844e-05,	-6.07469e-11	
332	2.089296e+04	-1.24844e-05,	-5.93643e-11	
333	2.137962e+04	-1.24844e-05,	-5.80128e-11	
334	2.187762e+04	-1.24844e-05,	-5.66923e-11	
335	2.238721e+04	-1.24844e-05,	-5.54019e-11	
336	2.290868e+04	-1.24844e-05,	-5.41411e-11	
337	2.344229e+04	-1.24844e-05,	-5.29079e-11	
338	2.398833e+04	-1.24844e-05,	-5.17043e-11	
339	2.454709e+04	-1.24844e-05,	-5.05273e-11	
340	2.511886e+04	-1.24844e-05,	-4.93769e-11	
341	2.570396e+04	-1.24844e-05,	-4.82530e-11	
342	2.630268e+04	-1.24844e-05,	-4.71549e-11	
343	2.691535e+04	-1.24844e-05,	-4.60815e-11	
344	2.754229e+04	-1.24844e-05,	-4.50326e-11	

Index   frequency       v2#branch                       
--------------------------------------------------------------------------------
345	2.818383e+04	-1.24844e-05,	-4.40071e-11	
346	2.884032e+04	-1.24844e-05,	-4.30055e-11	
347	2.951209e+04	-1.24844e-05,	-4.20265e-11	
348	3.019952e+04	-1.24844e-05,	-4.10701e-11	
349	3.090295e+04	-1.24844e-05,	-4.01345e-11	
350	3.162278e+04	-1.24844e-05,	-3.92220e-11	
351	3.235937e+04	-1.24844e-05,	-3.83285e-11	
352	3.311311e+04	-1.24844e-05,	-3.74567e-11	
353	3.388442e+04	-1.24844e-05,	-3.66035e-11	
354	3.467369e+04	-1.24844e-05,	-3.57707e-11	
355	3.548134e+04	-1.24844e-05,	-3.49565e-11	
356	3.630781e+04	-1.24844e-05,	-3.41609e-11	
357	3.715352e+04	-1.24844e-05,	-3.33831e-11	
358	3.801894e+04	-1.24844e-05,	-3.26229e-11	
359	3.890451e+04	-1.24844e-05,	-3.18796e-11	
360	3.981072e+04	-1.24844e-05,	-3.11540e-11	
361	4.073803e+04	-1.24844e-05,	-3.04452e-11	
362	4.168694e+04	-1.24844e-05,	-2.97524e-11	
363	4.265795e+04	-1.24844e-05,	-2.90764e-11	
364	4.365158e+04	-1.24844e-05,	-2.84137e-11	
365	4.466836e+04	-1.24844e-05,	-2.77669e-11	
366	4.570882e+04	-1.24844e-05,	-2.71344e-11	
367	4.677351e+04	-1.24844e-05,	-2.65168e-11	
368	4.786301e+04	-1.24844e-05,	-2.59126e-11	
369	4.897788e+04	-1.24844e-05,	-2.53235e-11	
370	5.011872e+04	-1.24844e-05,	-2.47476e-11	
371	5.128614e+04	-1.24844e-05,	-2.41832e-11	
372	5.248075e+04	-1.24844e-05,	-2.36339e-11	
373	5.370318e+04	-1.24844e-05,	-2.30944e-11	
374	5.495409e+04	-1.24844e-05,	-2.25708e-11	
375	5.623413e+04	-1.24844e-05,	-2.20569e-11	
376	5.754399e+04	-1.24844e-05,	-2.15537e-11	
377	5.888437e+04	-1.24844e-05,	-2.10629e-11	
378	6.025596e+04	-1.24844e-05,	-2.05844e-11	
379	6.165950e+04	-1.24844e-05,	-2.01149e-11	
380	6.309573e+04	-1.24844e-05,	-1.96586e-11	
381	6.456542e+04	-1.24844e-05,	-1.92094e-11	
382	6.606934e+04	-1.24844e-05,	-1.87718e-11	
383	6.760830e+04	-1.24844e-05,	-1.83447e-11	
384	6.918310e+04	-1.24844e-05,	-1.79283e-11	
385	7.079458e+04	-1.24844e-05,	-1.75190e-11	
386	7.244360e+04	-1.24844e-05,	-1.71203e-11	
387	7.413102e+04	-1.24844e-05,	-1.67305e-11	
388	7.585776e+04	-1.24844e-05,	-1.63495e-11	
389	7.762471e+04	-1.24844e-05,	-1.59774e-11	
390	7.943282e+04	-1.24844e-05,	-1.56142e-11	
391	8.128305e+04	-1.24844e-05,	-1.52598e-11	
392	8.317638e+04	-1.24844e-05,	-1.49125e-11	
393	8.511380e+04	-1.24844e-05,	-1.45723e-11	
394	8.709636e+04	-1.24844e-05,	-1.42410e-11	
395	8.912509e+04	-1.24844e-05,	-1.39167e-11	
396	9.120108e+04	-1.24844e-05,	-1.35995e-11	
397	9.332543e+04	-1.24844e-05,	-1.32912e-11	
398	9.549926e+04	-1.24844e-05,	-1.29864e-11	
399	9.772372e+04	-1.24844e-05,	-1.26905e-11	
400	1.000000e+05	-1.24844e-05,	-1.24035e-11	
401	1.023293e+05	-1.24844e-05,	-1.21200e-11	
402	1.047129e+05	-1.24844e-05,	-1.18453e-11	

Index   frequency       v2#branch                       
--------------------------------------------------------------------------------
403	1.071519e+05	-1.24844e-05,	-1.15760e-11	
404	1.096478e+05	-1.24844e-05,	-1.13120e-11	
405	1.122018e+05	-1.24844e-05,	-1.10533e-11	
406	1.148154e+05	-1.24844e-05,	-1.08017e-11	
407	1.174898e+05	-1.24844e-05,	-1.05554e-11	
408	1.202264e+05	-1.24844e-05,	-1.03161e-11	
409	1.230269e+05	-1.24844e-05,	-1.00822e-11	
410	1.258925e+05	-1.24844e-05,	-9.85190e-12	
411	1.288250e+05	-1.24844e-05,	-9.62864e-12	
412	1.318257e+05	-1.24844e-05,	-9.40892e-12	
413	1.348963e+05	-1.24844e-05,	-9.19274e-12	
414	1.380384e+05	-1.24844e-05,	-8.98366e-12	
415	1.412538e+05	-1.24844e-05,	-8.78166e-12	
416	1.445440e+05	-1.24844e-05,	-8.57966e-12	
417	1.479108e+05	-1.24844e-05,	-8.38475e-12	
418	1.513561e+05	-1.24844e-05,	-8.19338e-12	
419	1.548817e+05	-1.24844e-05,	-8.00910e-12	
420	1.584893e+05	-1.24844e-05,	-7.82482e-12	
421	1.621810e+05	-1.24844e-05,	-7.64763e-12	
422	1.659587e+05	-1.24844e-05,	-7.47043e-12	
423	1.698244e+05	-1.24844e-05,	-7.30387e-12	
424	1.737801e+05	-1.24844e-05,	-7.13731e-12	
425	1.778279e+05	-1.24844e-05,	-6.97429e-12	
426	1.819701e+05	-1.24844e-05,	-6.81482e-12	
427	1.862087e+05	-1.24844e-05,	-6.66244e-12	
428	1.905461e+05	-1.24844e-05,	-6.51005e-12	
429	1.949845e+05	-1.24844e-05,	-6.36475e-12	
430	1.995262e+05	-1.24844e-05,	-6.21591e-12	
431	2.041738e+05	-1.24844e-05,	-6.07061e-12	
432	2.089296e+05	-1.24844e-05,	-5.93595e-12	
433	2.137962e+05	-1.24844e-05,	-5.80482e-12	
434	2.187762e+05	-1.24844e-05,	-5.67016e-12	
435	2.238721e+05	-1.24844e-05,	-5.54258e-12	
436	2.290868e+05	-1.24844e-05,	-5.41500e-12	
437	2.344229e+05	-1.24844e-05,	-5.29097e-12	
438	2.398833e+05	-1.24844e-05,	-5.17047e-12	
439	2.454709e+05	-1.24844e-05,	-5.05707e-12	
440	2.511886e+05	-1.24844e-05,	-4.93658e-12	
441	2.570396e+05	-1.24844e-05,	-4.82672e-12	
442	2.630268e+05	-1.24844e-05,	-4.71332e-12	
443	2.691535e+05	-1.24844e-05,	-4.60700e-12	
444	2.754229e+05	-1.24844e-05,	-4.50069e-12	
445	2.818383e+05	-1.24844e-05,	-4.40146e-12	
446	2.884032e+05	-1.24844e-05,	-4.30223e-12	
447	2.951209e+05	-1.24844e-05,	-4.20300e-12	
448	3.019952e+05	-1.24844e-05,	-4.10378e-12	
449	3.090295e+05	-1.24844e-05,	-4.01164e-12	
450	3.162278e+05	-1.24844e-05,	-3.91950e-12	
451	3.235937e+05	-1.24844e-05,	-3.83444e-12	
452	3.311311e+05	-1.24844e-05,	-3.74230e-12	
453	3.388442e+05	-1.24844e-05,	-3.65725e-12	
454	3.467369e+05	-1.24844e-05,	-3.57929e-12	
455	3.548134e+05	-1.24844e-05,	-3.49423e-12	
456	3.630781e+05	-1.24844e-05,	-3.42336e-12	
457	3.715352e+05	-1.24844e-05,	-3.33831e-12	
458	3.801894e+05	-1.24844e-05,	-3.26034e-12	
459	3.890451e+05	-1.24844e-05,	-3.18946e-12	
460	3.981072e+05	-1.24844e-05,	-3.11150e-12	

Index   frequency       v2#branch                       
--------------------------------------------------------------------------------
461	4.073803e+05	-1.24844e-05,	-3.04771e-12	
462	4.168694e+05	-1.24844e-05,	-2.96975e-12	
463	4.265795e+05	-1.24844e-05,	-2.90596e-12	
464	4.365158e+05	-1.24844e-05,	-2.84217e-12	
465	4.466836e+05	-1.24844e-05,	-2.77129e-12	
466	4.570882e+05	-1.24844e-05,	-2.70750e-12	
467	4.677351e+05	-1.24844e-05,	-2.65789e-12	
468	4.786301e+05	-1.24844e-05,	-2.59410e-12	
469	4.897788e+05	-1.24844e-05,	-2.53740e-12	
470	5.011872e+05	-1.24844e-05,	-2.46652e-12	
471	5.128614e+05	-1.24844e-05,	-2.42399e-12	
472	5.248075e+05	-1.24844e-05,	-2.36729e-12	
473	5.370318e+05	-1.24844e-05,	-2.31059e-12	
474	5.495409e+05	-1.24844e-05,	-2.25389e-12	
475	5.623413e+05	-1.24844e-05,	-2.21136e-12	
476	5.754399e+05	-1.24844e-05,	-2.15466e-12	
477	5.888437e+05	-1.24844e-05,	-2.11213e-12	
478	6.025596e+05	-1.24844e-05,	-2.05543e-12	
479	6.165950e+05	-1.24844e-05,	-2.01291e-12	
480	6.309573e+05	-1.24844e-05,	-1.97038e-12	
481	6.456542e+05	-1.24844e-05,	-1.92785e-12	
482	6.606934e+05	-1.24844e-05,	-1.87115e-12	
483	6.760830e+05	-1.24844e-05,	-1.82863e-12	
484	6.918310e+05	-1.24844e-05,	-1.78610e-12	
485	7.079458e+05	-1.24844e-05,	-1.75775e-12	
486	7.244360e+05	-1.24844e-05,	-1.70105e-12	
487	7.413102e+05	-1.24844e-05,	-1.65852e-12	
488	7.585776e+05	-1.24844e-05,	-1.63017e-12	
489	7.762471e+05	-1.24844e-05,	-1.61599e-12	
490	7.943282e+05	-1.24844e-05,	-1.55929e-12	
491	8.128305e+05	-1.24844e-05,	-1.54512e-12	
492	8.317638e+05	-1.24844e-05,	-1.48842e-12	
493	8.511380e+05	-1.24844e-05,	-1.47424e-12	
494	8.709636e+05	-1.24844e-05,	-1.40336e-12	
495	8.912509e+05	-1.24844e-05,	-1.37501e-12	
496	9.120108e+05	-1.24844e-05,	-1.37501e-12	
497	9.332543e+05	-1.24844e-05,	-1.33249e-12	
498	9.549926e+05	-1.24844e-05,	-1.30414e-12	
499	9.772372e+05	-1.24844e-05,	-1.27579e-12	
500	1.000000e+06	-1.24844e-05,	-1.23326e-12	
501	1.023293e+06	-1.24844e-05,	-1.21908e-12	
502	1.047129e+06	-1.24844e-05,	-1.19073e-12	
503	1.071519e+06	-1.24844e-05,	-1.16238e-12	
504	1.096478e+06	-1.24844e-05,	-1.13403e-12	
505	1.122018e+06	-1.24844e-05,	-1.10568e-12	
506	1.148154e+06	-1.24844e-05,	-1.07733e-12	
507	1.174898e+06	-1.24844e-05,	-1.04898e-12	
508	1.202264e+06	-1.24844e-05,	-1.02063e-12	
509	1.230269e+06	-1.24844e-05,	-1.02063e-12	
510	1.258925e+06	-1.24844e-05,	-9.92278e-13	
511	1.288250e+06	-1.24844e-05,	-9.63927e-13	
512	1.318257e+06	-1.24844e-05,	-9.07225e-13	
513	1.348963e+06	-1.24844e-05,	-9.07225e-13	
514	1.380384e+06	-1.24844e-05,	-9.35576e-13	
515	1.412538e+06	-1.24844e-05,	-8.78874e-13	
516	1.445440e+06	-1.24844e-05,	-8.78874e-13	
517	1.479108e+06	-1.24844e-05,	-8.50524e-13	
518	1.513561e+06	-1.24844e-05,	-8.22173e-13	

Index   frequency       v2#branch                       
--------------------------------------------------------------------------------
519	1.548817e+06	-1.24844e-05,	-7.93822e-13	
520	1.584893e+06	-1.24844e-05,	-7.93822e-13	
521	1.621810e+06	-1.24844e-05,	-7.37120e-13	
522	1.659587e+06	-1.24844e-05,	-7.65471e-13	
523	1.698244e+06	-1.24844e-05,	-7.37120e-13	
524	1.737801e+06	-1.24844e-05,	-7.08770e-13	
525	1.778279e+06	-1.24844e-05,	-7.08770e-13	
526	1.819701e+06	-1.24844e-05,	-7.08770e-13	
527	1.862087e+06	-1.24844e-05,	-6.80419e-13	
528	1.905461e+06	-1.24844e-05,	-6.52068e-13	
529	1.949845e+06	-1.24844e-05,	-6.52068e-13	
530	1.995262e+06	-1.24844e-05,	-6.52068e-13	
531	2.041738e+06	-1.24844e-05,	-6.23717e-13	
532	2.089296e+06	-1.24844e-05,	-5.67016e-13	
533	2.137962e+06	-1.24844e-05,	-5.67016e-13	
534	2.187762e+06	-1.24844e-05,	-5.67016e-13	
535	2.238721e+06	-1.24844e-05,	-5.67016e-13	
536	2.290868e+06	-1.24844e-05,	-5.67016e-13	
537	2.344229e+06	-1.24844e-05,	-5.10314e-13	
538	2.398833e+06	-1.24844e-05,	-5.10314e-13	
539	2.454709e+06	-1.24844e-05,	-5.10314e-13	
540	2.511886e+06	-1.24844e-05,	-5.10314e-13	
541	2.570396e+06	-1.24844e-05,	-5.10314e-13	
542	2.630268e+06	-1.24844e-05,	-4.53613e-13	
543	2.691535e+06	-1.24844e-05,	-4.53613e-13	
544	2.754229e+06	-1.24844e-05,	-4.53613e-13	
545	2.818383e+06	-1.24844e-05,	-4.53613e-13	
546	2.884032e+06	-1.24844e-05,	-4.53613e-13	
547	2.951209e+06	-1.24844e-05,	-3.96911e-13	
548	3.019952e+06	-1.24844e-05,	-3.96911e-13	
549	3.090295e+06	-1.24844e-05,	-3.96911e-13	
550	3.162278e+06	-1.24844e-05,	-3.96911e-13	
551	3.235937e+06	-1.24844e-05,	-3.96911e-13	
552	3.311311e+06	-1.24844e-05,	-3.96911e-13	
553	3.388442e+06	-1.24844e-05,	-3.96911e-13	
554	3.467369e+06	-1.24844e-05,	-2.83508e-13	
555	3.548134e+06	-1.24844e-05,	-3.40209e-13	
556	3.630781e+06	-1.24844e-05,	-3.40209e-13	
557	3.715352e+06	-1.24844e-05,	-3.40209e-13	
558	3.801894e+06	-1.24844e-05,	-3.96911e-13	
559	3.890451e+06	-1.24844e-05,	-3.96911e-13	
560	3.981072e+06	-1.24844e-05,	-2.83508e-13	
561	4.073803e+06	-1.24844e-05,	-3.40209e-13	
562	4.168694e+06	-1.24844e-05,	-3.40209e-13	
563	4.265795e+06	-1.24844e-05,	-3.40209e-13	
564	4.365158e+06	-1.24844e-05,	-3.40209e-13	
565	4.466836e+06	-1.24844e-05,	-2.26806e-13	
566	4.570882e+06	-1.24844e-05,	-2.26806e-13	
567	4.677351e+06	-1.24844e-05,	-2.26806e-13	
568	4.786301e+06	-1.24844e-05,	-2.26806e-13	
569	4.897788e+06	-1.24844e-05,	-2.26806e-13	
570	5.011872e+06	-1.24844e-05,	-2.26806e-13	
571	5.128614e+06	-1.24844e-05,	-2.26806e-13	
572	5.248075e+06	-1.24844e-05,	-3.40209e-13	
573	5.370318e+06	-1.24844e-05,	-2.26806e-13	
574	5.495409e+06	-1.24844e-05,	-1.13403e-13	
575	5.623413e+06	-1.24844e-05,	-2.26806e-13	
576	5.754399e+06	-1.24844e-05,	-2.26806e-13	

Index   frequency       v2#branch                       
--------------------------------------------------------------------------------
577	5.888437e+06	-1.24844e-05,	-2.26806e-13	
578	6.025596e+06	-1.24844e-05,	-2.26806e-13	
579	6.165950e+06	-1.24844e-05,	-2.26806e-13	
580	6.309573e+06	-1.24844e-05,	-2.26806e-13	
581	6.456542e+06	-1.24844e-05,	-2.26806e-13	
582	6.606934e+06	-1.24844e-05,	-2.26806e-13	
583	6.760830e+06	-1.24844e-05,	-2.26806e-13	
584	6.918310e+06	-1.24844e-05,	-2.26806e-13	
585	7.079458e+06	-1.24844e-05,	-3.40209e-13	
586	7.244360e+06	-1.24844e-05,	-2.26806e-13	
587	7.413102e+06	-1.24844e-05,	-2.26806e-13	
588	7.585776e+06	-1.24844e-05,	-1.13403e-13	
589	7.762471e+06	-1.24844e-05,	-2.26806e-13	
590	7.943282e+06	-1.24844e-05,	-1.13403e-13	
591	8.128305e+06	-1.24844e-05,	-2.26806e-13	
592	8.317638e+06	-1.24844e-05,	-2.26806e-13	
593	8.511380e+06	-1.24844e-05,	-2.26806e-13	
594	8.709636e+06	-1.24844e-05,	-2.26806e-13	
595	8.912509e+06	-1.24844e-05,	-2.26806e-13	
596	9.120108e+06	-1.24844e-05,	-2.26806e-13	
597	9.332543e+06	-1.24844e-05,	-2.26806e-13	
598	9.549926e+06	-1.24844e-05,	-2.26806e-13	
599	9.772372e+06	-1.24844e-05,	-2.26806e-13	
600	1.000000e+07	-1.24844e-05,	-2.26806e-13	
601	1.023293e+07	-1.24844e-05,	-2.26806e-13	
602	1.047129e+07	-1.24844e-05,	-2.26806e-13	
603	1.071519e+07	-1.24844e-05,	-2.26806e-13	
604	1.096478e+07	-1.24844e-05,	0.000000e+00	
605	1.122018e+07	-1.24844e-05,	-2.26806e-13	
606	1.148154e+07	-1.24844e-05,	0.000000e+00	
607	1.174898e+07	-1.24844e-05,	0.000000e+00	
608	1.202264e+07	-1.24844e-05,	0.000000e+00	
609	1.230269e+07	-1.24844e-05,	0.000000e+00	
610	1.258925e+07	-1.24844e-05,	-2.26806e-13	
611	1.288250e+07	-1.24844e-05,	0.000000e+00	
612	1.318257e+07	-1.24844e-05,	0.000000e+00	
613	1.348963e+07	-1.24844e-05,	0.000000e+00	
614	1.380384e+07	-1.24844e-05,	0.000000e+00	
615	1.412538e+07	-1.24844e-05,	0.000000e+00	
616	1.445440e+07	-1.24844e-05,	0.000000e+00	
617	1.479108e+07	-1.24844e-05,	0.000000e+00	
618	1.513561e+07	-1.24844e-05,	0.000000e+00	
619	1.548817e+07	-1.24844e-05,	-2.26806e-13	
620	1.584893e+07	-1.24844e-05,	0.000000e+00	
621	1.621810e+07	-1.24844e-05,	0.000000e+00	
622	1.659587e+07	-1.24844e-05,	0.000000e+00	
623	1.698244e+07	-1.24844e-05,	0.000000e+00	
624	1.737801e+07	-1.24844e-05,	0.000000e+00	
625	1.778279e+07	-1.24844e-05,	0.000000e+00	
626	1.819701e+07	-1.24844e-05,	0.000000e+00	
627	1.862087e+07	-1.24844e-05,	0.000000e+00	
628	1.905461e+07	-1.24844e-05,	0.000000e+00	
629	1.949845e+07	-1.24844e-05,	0.000000e+00	
630	1.995262e+07	-1.24844e-05,	0.000000e+00	
631	2.041738e+07	-1.24844e-05,	0.000000e+00	
632	2.089296e+07	-1.24844e-05,	0.000000e+00	
633	2.137962e+07	-1.24844e-05,	0.000000e+00	
634	2.187762e+07	-1.24844e-05,	0.000000e+00	

Index   frequency       v2#branch                       
--------------------------------------------------------------------------------
635	2.238721e+07	-1.24844e-05,	-4.53613e-13	
636	2.290868e+07	-1.24844e-05,	0.000000e+00	
637	2.344229e+07	-1.24844e-05,	0.000000e+00	
638	2.398833e+07	-1.24844e-05,	0.000000e+00	
639	2.454709e+07	-1.24844e-05,	0.000000e+00	
640	2.511886e+07	-1.24844e-05,	0.000000e+00	
641	2.570396e+07	-1.24844e-05,	-4.53613e-13	
642	2.630268e+07	-1.24844e-05,	0.000000e+00	
643	2.691535e+07	-1.24844e-05,	0.000000e+00	
644	2.754229e+07	-1.24844e-05,	-4.53613e-13	
645	2.818383e+07	-1.24844e-05,	0.000000e+00	
646	2.884032e+07	-1.24844e-05,	0.000000e+00	
647	2.951209e+07	-1.24844e-05,	0.000000e+00	
648	3.019952e+07	-1.24844e-05,	0.000000e+00	
649	3.090295e+07	-1.24844e-05,	0.000000e+00	
650	3.162278e+07	-1.24844e-05,	0.000000e+00	
651	3.235937e+07	-1.24844e-05,	0.000000e+00	
652	3.311311e+07	-1.24844e-05,	0.000000e+00	
653	3.388442e+07	-1.24844e-05,	0.000000e+00	
654	3.467369e+07	-1.24844e-05,	0.000000e+00	
655	3.548134e+07	-1.24844e-05,	0.000000e+00	
656	3.630781e+07	-1.24844e-05,	0.000000e+00	
657	3.715352e+07	-1.24844e-05,	0.000000e+00	
658	3.801894e+07	-1.24844e-05,	0.000000e+00	
659	3.890451e+07	-1.24844e-05,	0.000000e+00	
660	3.981072e+07	-1.24844e-05,	0.000000e+00	
661	4.073803e+07	-1.24844e-05,	0.000000e+00	
662	4.168694e+07	-1.24844e-05,	0.000000e+00	
663	4.265795e+07	-1.24844e-05,	0.000000e+00	
664	4.365158e+07	-1.24844e-05,	0.000000e+00	
665	4.466836e+07	-1.24844e-05,	-9.07225e-13	
666	4.570882e+07	-1.24844e-05,	0.000000e+00	
667	4.677351e+07	-1.24844e-05,	0.000000e+00	
668	4.786301e+07	-1.24844e-05,	0.000000e+00	
669	4.897788e+07	-1.24844e-05,	0.000000e+00	
670	5.011872e+07	-1.24844e-05,	0.000000e+00	
671	5.128614e+07	-1.24844e-05,	0.000000e+00	
672	5.248075e+07	-1.24844e-05,	0.000000e+00	
673	5.370318e+07	-1.24844e-05,	-9.07225e-13	
674	5.495409e+07	-1.24844e-05,	0.000000e+00	
675	5.623413e+07	-1.24844e-05,	0.000000e+00	
676	5.754399e+07	-1.24844e-05,	0.000000e+00	
677	5.888437e+07	-1.24844e-05,	0.000000e+00	
678	6.025596e+07	-1.24844e-05,	0.000000e+00	
679	6.165950e+07	-1.24844e-05,	0.000000e+00	
680	6.309573e+07	-1.24844e-05,	0.000000e+00	
681	6.456542e+07	-1.24844e-05,	0.000000e+00	
682	6.606934e+07	-1.24844e-05,	0.000000e+00	
683	6.760830e+07	-1.24844e-05,	0.000000e+00	
684	6.918310e+07	-1.24844e-05,	0.000000e+00	
685	7.079458e+07	-1.24844e-05,	0.000000e+00	
686	7.244360e+07	-1.24844e-05,	0.000000e+00	
687	7.413102e+07	-1.24844e-05,	0.000000e+00	
688	7.585776e+07	-1.24844e-05,	0.000000e+00	
689	7.762471e+07	-1.24844e-05,	0.000000e+00	
690	7.943282e+07	-1.24844e-05,	0.000000e+00	
691	8.128305e+07	-1.24844e-05,	0.000000e+00	
692	8.317638e+07	-1.24844e-05,	0.000000e+00	

Index   frequency       v2#branch                       
--------------------------------------------------------------------------------
693	8.511380e+07	-1.24844e-05,	0.000000e+00	
694	8.709636e+07	-1.24844e-05,	0.000000e+00	
695	8.912509e+07	-1.24844e-05,	0.000000e+00	
696	9.120108e+07	-1.24844e-05,	-1.81445e-12	
697	9.332543e+07	-1.24844e-05,	-1.81445e-12	
698	9.549926e+07	-1.24844e-05,	0.000000e+00	
699	9.772372e+07	-1.24844e-05,	0.000000e+00	
700	1.000000e+08	-1.24844e-05,	0.000000e+00	
