                * /home/sumanto/desktop/verilog/esim/nor/nor.cir
                Transient Analysis  Mon Nov  8 23:33:35  2021
--------------------------------------------------------------------------------
Index   time            in1             in2             out             
--------------------------------------------------------------------------------
0	0.000000e+00	0.000000e+00	0.000000e+00	5.000000e+00	
1	1.000000e-06	5.000000e-02	5.000000e-02	5.000000e+00	
2	2.000000e-06	1.000000e-01	1.000000e-01	5.000000e+00	
3	4.000000e-06	2.000000e-01	2.000000e-01	5.000000e+00	
4	8.000000e-06	4.000000e-01	4.000000e-01	5.000000e+00	
5	1.600000e-05	8.000000e-01	8.000000e-01	5.000000e+00	
6	3.200000e-05	1.600000e+00	1.600000e+00	5.000000e+00	
7	3.200200e-05	1.600100e+00	1.600100e+00	5.000000e+00	
8	3.200209e-05	1.600105e+00	1.600105e+00	4.550000e+00	
9	3.200227e-05	1.600114e+00	1.600114e+00	3.650000e+00	
10	3.200263e-05	1.600132e+00	1.600132e+00	1.850000e+00	
11	3.200290e-05	1.600145e+00	1.600145e+00	5.000000e-01	
12	3.200297e-05	1.600149e+00	1.600149e+00	5.000000e-01	
13	3.200312e-05	1.600156e+00	1.600156e+00	5.000000e-01	
14	3.200340e-05	1.600170e+00	1.600170e+00	5.000000e-01	
15	3.200398e-05	1.600199e+00	1.600199e+00	5.000000e-01	
16	3.200513e-05	1.600257e+00	1.600257e+00	5.000000e-01	
17	3.200744e-05	1.600372e+00	1.600372e+00	5.000000e-01	
18	3.201204e-05	1.600602e+00	1.600602e+00	5.000000e-01	
19	3.202126e-05	1.601063e+00	1.601063e+00	5.000000e-01	
20	3.203969e-05	1.601985e+00	1.601985e+00	5.000000e-01	
21	3.207656e-05	1.603828e+00	1.603828e+00	5.000000e-01	
22	3.215028e-05	1.607514e+00	1.607514e+00	5.000000e-01	
23	3.229774e-05	1.614887e+00	1.614887e+00	5.000000e-01	
24	3.259265e-05	1.629633e+00	1.629633e+00	5.000000e-01	
25	3.318248e-05	1.659124e+00	1.659124e+00	5.000000e-01	
26	3.436212e-05	1.718106e+00	1.718106e+00	5.000000e-01	
27	3.672142e-05	1.836071e+00	1.836071e+00	5.000000e-01	
28	4.144001e-05	2.072001e+00	2.072001e+00	5.000000e-01	
29	4.144201e-05	2.072101e+00	2.072101e+00	5.000000e-01	
30	4.144210e-05	2.072105e+00	2.072105e+00	9.500000e-01	
31	4.144228e-05	2.072114e+00	2.072114e+00	1.850000e+00	
32	4.144264e-05	2.072132e+00	2.072132e+00	3.650000e+00	
33	4.144291e-05	2.072146e+00	2.072146e+00	5.000000e+00	
34	4.144298e-05	2.072149e+00	2.072149e+00	5.000000e+00	
35	4.144313e-05	2.072156e+00	2.072156e+00	5.000000e+00	
36	4.144342e-05	2.072171e+00	2.072171e+00	5.000000e+00	
37	4.144399e-05	2.072200e+00	2.072200e+00	5.000000e+00	
38	4.144514e-05	2.072257e+00	2.072257e+00	5.000000e+00	
39	4.144745e-05	2.072372e+00	2.072372e+00	5.000000e+00	
40	4.145206e-05	2.072603e+00	2.072603e+00	5.000000e+00	
41	4.146127e-05	2.073064e+00	2.073064e+00	5.000000e+00	
42	4.147970e-05	2.073985e+00	2.073985e+00	5.000000e+00	
43	4.151657e-05	2.075828e+00	2.075828e+00	5.000000e+00	
44	4.159030e-05	2.079515e+00	2.079515e+00	5.000000e+00	
45	4.173775e-05	2.086888e+00	2.086888e+00	5.000000e+00	
46	4.203266e-05	2.101633e+00	2.101633e+00	5.000000e+00	
47	4.262249e-05	2.131124e+00	2.131124e+00	5.000000e+00	
48	4.380214e-05	2.190107e+00	2.190107e+00	5.000000e+00	
49	4.616143e-05	2.308072e+00	2.308072e+00	5.000000e+00	
50	5.088002e-05	2.544001e+00	2.544001e+00	5.000000e+00	
51	6.031721e-05	3.015860e+00	3.015860e+00	5.000000e+00	
52	7.919158e-05	3.959579e+00	3.959579e+00	5.000000e+00	
53	1.000000e-04	5.000000e+00	5.000000e+00	5.000000e+00	
54	1.037749e-04	5.000000e+00	5.000000e+00	5.000000e+00	

Index   time            in1             in2             out             
--------------------------------------------------------------------------------
55	1.113246e-04	5.000000e+00	5.000000e+00	5.000000e+00	
56	1.264241e-04	5.000000e+00	5.000000e+00	5.000000e+00	
57	1.566231e-04	5.000000e+00	5.000000e+00	5.000000e+00	
58	2.170211e-04	5.000000e+00	5.000000e+00	5.000000e+00	
59	3.378170e-04	5.000000e+00	5.000000e+00	5.000000e+00	
60	5.794089e-04	5.000000e+00	5.000000e+00	5.000000e+00	
61	1.062593e-03	5.000000e+00	5.000000e+00	5.000000e+00	
62	2.028960e-03	5.000000e+00	5.000000e+00	5.000000e+00	
63	3.961696e-03	5.000000e+00	5.000000e+00	5.000000e+00	
64	7.827166e-03	5.000000e+00	5.000000e+00	5.000000e+00	
65	1.555811e-02	5.000000e+00	5.000000e+00	5.000000e+00	
66	3.101999e-02	5.000000e+00	5.000000e+00	5.000000e+00	
67	6.194375e-02	5.000000e+00	5.000000e+00	5.000000e+00	
68	1.237913e-01	5.000000e+00	5.000000e+00	5.000000e+00	
69	2.474863e-01	5.000000e+00	5.000000e+00	5.000000e+00	
70	4.948765e-01	5.000000e+00	5.000000e+00	5.000000e+00	
71	8.948765e-01	5.000000e+00	5.000000e+00	5.000000e+00	
72	1.000100e+00	5.000000e+00	5.000000e+00	5.000000e+00	
73	1.000110e+00	4.500000e+00	5.000000e+00	5.000000e+00	
74	1.000130e+00	3.500000e+00	5.000000e+00	5.000000e+00	
75	1.000170e+00	1.500000e+00	5.000000e+00	5.000000e+00	
76	1.000170e+00	1.499900e+00	5.000000e+00	5.000000e+00	
77	1.000170e+00	1.499895e+00	5.000000e+00	4.550000e+00	
78	1.000170e+00	1.499886e+00	5.000000e+00	3.650000e+00	
79	1.000170e+00	1.499868e+00	5.000000e+00	1.850000e+00	
80	1.000170e+00	1.499855e+00	5.000000e+00	5.000000e-01	
81	1.000170e+00	1.499851e+00	5.000000e+00	5.000000e-01	
82	1.000170e+00	1.499844e+00	5.000000e+00	5.000000e-01	
83	1.000170e+00	1.499830e+00	5.000000e+00	5.000000e-01	
84	1.000170e+00	1.499801e+00	5.000000e+00	5.000000e-01	
85	1.000170e+00	1.499743e+00	5.000000e+00	5.000000e-01	
86	1.000170e+00	1.499628e+00	5.000000e+00	5.000000e-01	
87	1.000170e+00	1.499398e+00	5.000000e+00	5.000000e-01	
88	1.000170e+00	1.498937e+00	5.000000e+00	5.000000e-01	
89	1.000170e+00	1.498015e+00	5.000000e+00	5.000000e-01	
90	1.000170e+00	1.496172e+00	5.000000e+00	5.000000e-01	
91	1.000170e+00	1.492486e+00	5.000000e+00	5.000000e-01	
92	1.000170e+00	1.485113e+00	5.000000e+00	5.000000e-01	
93	1.000171e+00	1.470367e+00	5.000000e+00	5.000000e-01	
94	1.000171e+00	1.440876e+00	5.000000e+00	5.000000e-01	
95	1.000172e+00	1.381894e+00	5.000000e+00	5.000000e-01	
96	1.000175e+00	1.263929e+00	5.000000e+00	5.000000e-01	
97	1.000179e+00	1.027999e+00	5.000000e+00	5.000000e-01	
98	1.000189e+00	5.561401e-01	5.000000e+00	5.000000e-01	
99	1.000189e+00	5.560401e-01	5.000000e+00	5.000000e-01	
100	1.000189e+00	5.560396e-01	5.000000e+00	4.500000e-01	
101	1.000189e+00	5.560386e-01	5.000000e+00	3.500000e-01	
102	1.000189e+00	5.560366e-01	5.000000e+00	1.500000e-01	
103	1.000189e+00	5.560326e-01	5.000000e+00	0.000000e+00	
104	1.000189e+00	5.560246e-01	5.000000e+00	0.000000e+00	
105	1.000189e+00	5.560086e-01	5.000000e+00	0.000000e+00	
106	1.000189e+00	5.559766e-01	5.000000e+00	0.000000e+00	
107	1.000189e+00	5.559126e-01	5.000000e+00	0.000000e+00	
108	1.000189e+00	5.557846e-01	5.000000e+00	0.000000e+00	
109	1.000189e+00	5.555286e-01	5.000000e+00	0.000000e+00	
110	1.000189e+00	5.550166e-01	5.000000e+00	0.000000e+00	
111	1.000189e+00	5.539926e-01	5.000000e+00	0.000000e+00	
112	1.000189e+00	5.519446e-01	5.000000e+00	0.000000e+00	

Index   time            in1             in2             out             
--------------------------------------------------------------------------------
113	1.000189e+00	5.478486e-01	5.000000e+00	0.000000e+00	
114	1.000189e+00	5.396566e-01	5.000000e+00	0.000000e+00	
115	1.000190e+00	5.232726e-01	5.000000e+00	0.000000e+00	
116	1.000190e+00	4.905046e-01	5.000000e+00	0.000000e+00	
117	1.000192e+00	4.249686e-01	5.000000e+00	0.000000e+00	
118	1.000194e+00	2.938966e-01	5.000000e+00	0.000000e+00	
119	1.000199e+00	3.175258e-02	5.000000e+00	0.000000e+00	
120	1.000200e+00	0.000000e+00	5.000000e+00	0.000000e+00	
121	1.000201e+00	0.000000e+00	5.000000e+00	0.000000e+00	
122	1.000203e+00	0.000000e+00	5.000000e+00	0.000000e+00	
123	1.000207e+00	0.000000e+00	5.000000e+00	0.000000e+00	
124	1.000216e+00	0.000000e+00	5.000000e+00	0.000000e+00	
125	1.000233e+00	0.000000e+00	5.000000e+00	0.000000e+00	
126	1.000266e+00	0.000000e+00	5.000000e+00	0.000000e+00	
127	1.000333e+00	0.000000e+00	5.000000e+00	0.000000e+00	
128	1.000467e+00	0.000000e+00	5.000000e+00	0.000000e+00	
129	1.000736e+00	0.000000e+00	5.000000e+00	0.000000e+00	
130	1.001273e+00	0.000000e+00	5.000000e+00	0.000000e+00	
131	1.002346e+00	0.000000e+00	5.000000e+00	0.000000e+00	
132	1.004494e+00	0.000000e+00	5.000000e+00	0.000000e+00	
133	1.008789e+00	0.000000e+00	5.000000e+00	0.000000e+00	
134	1.017379e+00	0.000000e+00	5.000000e+00	0.000000e+00	
135	1.034559e+00	0.000000e+00	5.000000e+00	0.000000e+00	
136	1.068918e+00	0.000000e+00	5.000000e+00	0.000000e+00	
137	1.137638e+00	0.000000e+00	5.000000e+00	0.000000e+00	
138	1.275077e+00	0.000000e+00	5.000000e+00	0.000000e+00	
139	1.549955e+00	0.000000e+00	5.000000e+00	0.000000e+00	
140	1.949955e+00	0.000000e+00	5.000000e+00	0.000000e+00	
141	2.000000e+00	0.000000e+00	5.000000e+00	0.000000e+00	
142	2.000010e+00	5.000000e-01	5.000000e+00	0.000000e+00	
143	2.000030e+00	1.500000e+00	5.000000e+00	0.000000e+00	
144	2.000030e+00	1.500100e+00	5.000000e+00	0.000000e+00	
145	2.000030e+00	1.500101e+00	5.000000e+00	5.000000e-02	
146	2.000030e+00	1.500102e+00	5.000000e+00	1.500000e-01	
147	2.000030e+00	1.500104e+00	5.000000e+00	3.500000e-01	
148	2.000030e+00	1.500108e+00	5.000000e+00	5.000000e-01	
149	2.000030e+00	1.500116e+00	5.000000e+00	5.000000e-01	
150	2.000030e+00	1.500132e+00	5.000000e+00	5.000000e-01	
151	2.000030e+00	1.500164e+00	5.000000e+00	5.000000e-01	
152	2.000030e+00	1.500228e+00	5.000000e+00	5.000000e-01	
153	2.000030e+00	1.500356e+00	5.000000e+00	5.000000e-01	
154	2.000030e+00	1.500612e+00	5.000000e+00	5.000000e-01	
155	2.000030e+00	1.501124e+00	5.000000e+00	5.000000e-01	
156	2.000030e+00	1.502148e+00	5.000000e+00	5.000000e-01	
157	2.000030e+00	1.504196e+00	5.000000e+00	5.000000e-01	
158	2.000030e+00	1.508292e+00	5.000000e+00	5.000000e-01	
159	2.000030e+00	1.516484e+00	5.000000e+00	5.000000e-01	
160	2.000031e+00	1.532868e+00	5.000000e+00	5.000000e-01	
161	2.000031e+00	1.565636e+00	5.000000e+00	5.000000e-01	
162	2.000033e+00	1.631172e+00	5.000000e+00	5.000000e-01	
163	2.000035e+00	1.762244e+00	5.000000e+00	5.000000e-01	
164	2.000040e+00	2.024388e+00	5.000000e+00	5.000000e-01	
165	2.000040e+00	2.024488e+00	5.000000e+00	5.000000e-01	
166	2.000040e+00	2.024492e+00	5.000000e+00	9.500000e-01	
167	2.000040e+00	2.024501e+00	5.000000e+00	1.850000e+00	
168	2.000040e+00	2.024519e+00	5.000000e+00	3.650000e+00	
169	2.000040e+00	2.024533e+00	5.000000e+00	5.000000e+00	
170	2.000040e+00	2.024536e+00	5.000000e+00	5.000000e+00	

Index   time            in1             in2             out             
--------------------------------------------------------------------------------
171	2.000040e+00	2.024543e+00	5.000000e+00	5.000000e+00	
172	2.000040e+00	2.024558e+00	5.000000e+00	5.000000e+00	
173	2.000040e+00	2.024587e+00	5.000000e+00	5.000000e+00	
174	2.000040e+00	2.024644e+00	5.000000e+00	5.000000e+00	
175	2.000040e+00	2.024759e+00	5.000000e+00	5.000000e+00	
176	2.000040e+00	2.024990e+00	5.000000e+00	5.000000e+00	
177	2.000041e+00	2.025451e+00	5.000000e+00	5.000000e+00	
178	2.000041e+00	2.026372e+00	5.000000e+00	5.000000e+00	
179	2.000041e+00	2.028215e+00	5.000000e+00	5.000000e+00	
180	2.000041e+00	2.031902e+00	5.000000e+00	5.000000e+00	
181	2.000041e+00	2.039275e+00	5.000000e+00	5.000000e+00	
182	2.000041e+00	2.054020e+00	5.000000e+00	5.000000e+00	
183	2.000042e+00	2.083511e+00	5.000000e+00	5.000000e+00	
184	2.000043e+00	2.142494e+00	5.000000e+00	5.000000e+00	
185	2.000045e+00	2.260459e+00	5.000000e+00	5.000000e+00	
186	2.000050e+00	2.496388e+00	5.000000e+00	5.000000e+00	
187	2.000059e+00	2.968247e+00	5.000000e+00	5.000000e+00	
188	2.000078e+00	3.911966e+00	5.000000e+00	5.000000e+00	
189	2.000100e+00	5.000000e+00	5.000000e+00	5.000000e+00	
190	2.000104e+00	5.000000e+00	4.811256e+00	5.000000e+00	
191	2.000111e+00	5.000000e+00	4.433769e+00	5.000000e+00	
192	2.000126e+00	5.000000e+00	3.678794e+00	5.000000e+00	
193	2.000157e+00	5.000000e+00	2.168845e+00	5.000000e+00	
194	2.000200e+00	5.000000e+00	0.000000e+00	5.000000e+00	
195	2.000200e+00	5.000000e+00	0.000000e+00	5.000000e+00	
196	2.000200e+00	5.000000e+00	0.000000e+00	4.500000e+00	
197	2.000200e+00	5.000000e+00	0.000000e+00	3.500000e+00	
198	2.000200e+00	5.000000e+00	0.000000e+00	1.500000e+00	
199	2.000200e+00	5.000000e+00	0.000000e+00	0.000000e+00	
200	2.000200e+00	5.000000e+00	0.000000e+00	0.000000e+00	
201	2.000200e+00	5.000000e+00	0.000000e+00	0.000000e+00	
202	2.000200e+00	5.000000e+00	0.000000e+00	0.000000e+00	
203	2.000200e+00	5.000000e+00	0.000000e+00	0.000000e+00	
204	2.000200e+00	5.000000e+00	0.000000e+00	0.000000e+00	
205	2.000200e+00	5.000000e+00	0.000000e+00	0.000000e+00	
206	2.000200e+00	5.000000e+00	0.000000e+00	0.000000e+00	
207	2.000200e+00	5.000000e+00	0.000000e+00	0.000000e+00	
208	2.000200e+00	5.000000e+00	0.000000e+00	0.000000e+00	
209	2.000200e+00	5.000000e+00	0.000000e+00	0.000000e+00	
210	2.000200e+00	5.000000e+00	0.000000e+00	0.000000e+00	
211	2.000200e+00	5.000000e+00	0.000000e+00	0.000000e+00	
212	2.000201e+00	5.000000e+00	0.000000e+00	0.000000e+00	
213	2.000201e+00	5.000000e+00	0.000000e+00	0.000000e+00	
214	2.000203e+00	5.000000e+00	0.000000e+00	0.000000e+00	
215	2.000205e+00	5.000000e+00	0.000000e+00	0.000000e+00	
216	2.000210e+00	5.000000e+00	0.000000e+00	0.000000e+00	
217	2.000221e+00	5.000000e+00	0.000000e+00	0.000000e+00	
218	2.000242e+00	5.000000e+00	0.000000e+00	0.000000e+00	
219	2.000284e+00	5.000000e+00	0.000000e+00	0.000000e+00	
220	2.000368e+00	5.000000e+00	0.000000e+00	0.000000e+00	
221	2.000536e+00	5.000000e+00	0.000000e+00	0.000000e+00	
222	2.000871e+00	5.000000e+00	0.000000e+00	0.000000e+00	
223	2.001542e+00	5.000000e+00	0.000000e+00	0.000000e+00	
224	2.002884e+00	5.000000e+00	0.000000e+00	0.000000e+00	
225	2.005569e+00	5.000000e+00	0.000000e+00	0.000000e+00	
226	2.010937e+00	5.000000e+00	0.000000e+00	0.000000e+00	
227	2.021675e+00	5.000000e+00	0.000000e+00	0.000000e+00	
228	2.043150e+00	5.000000e+00	0.000000e+00	0.000000e+00	

Index   time            in1             in2             out             
--------------------------------------------------------------------------------
229	2.086099e+00	5.000000e+00	0.000000e+00	0.000000e+00	
230	2.171999e+00	5.000000e+00	0.000000e+00	0.000000e+00	
231	2.343797e+00	5.000000e+00	0.000000e+00	0.000000e+00	
232	2.687395e+00	5.000000e+00	0.000000e+00	0.000000e+00	
233	3.000100e+00	5.000000e+00	0.000000e+00	0.000000e+00	
234	3.000110e+00	4.500000e+00	0.000000e+00	0.000000e+00	
235	3.000130e+00	3.500000e+00	0.000000e+00	0.000000e+00	
236	3.000170e+00	1.500000e+00	0.000000e+00	0.000000e+00	
237	3.000170e+00	1.499900e+00	0.000000e+00	0.000000e+00	
238	3.000170e+00	1.499899e+00	0.000000e+00	5.000000e-02	
239	3.000170e+00	1.499898e+00	0.000000e+00	1.500000e-01	
240	3.000170e+00	1.499896e+00	0.000000e+00	3.500000e-01	
241	3.000170e+00	1.499892e+00	0.000000e+00	5.000000e-01	
242	3.000170e+00	1.499884e+00	0.000000e+00	5.000000e-01	
243	3.000170e+00	1.499868e+00	0.000000e+00	5.000000e-01	
244	3.000170e+00	1.499836e+00	0.000000e+00	5.000000e-01	
245	3.000170e+00	1.499772e+00	0.000000e+00	5.000000e-01	
246	3.000170e+00	1.499644e+00	0.000000e+00	5.000000e-01	
247	3.000170e+00	1.499388e+00	0.000000e+00	5.000000e-01	
248	3.000170e+00	1.498876e+00	0.000000e+00	5.000000e-01	
249	3.000170e+00	1.497852e+00	0.000000e+00	5.000000e-01	
250	3.000170e+00	1.495804e+00	0.000000e+00	5.000000e-01	
251	3.000170e+00	1.491708e+00	0.000000e+00	5.000000e-01	
252	3.000170e+00	1.483516e+00	0.000000e+00	5.000000e-01	
253	3.000171e+00	1.467132e+00	0.000000e+00	5.000000e-01	
254	3.000171e+00	1.434364e+00	0.000000e+00	5.000000e-01	
255	3.000173e+00	1.368828e+00	0.000000e+00	5.000000e-01	
256	3.000175e+00	1.237756e+00	0.000000e+00	5.000000e-01	
257	3.000180e+00	9.756125e-01	0.000000e+00	5.000000e-01	
258	3.000180e+00	9.755125e-01	0.000000e+00	5.000000e-01	
259	3.000180e+00	9.755080e-01	0.000000e+00	9.500000e-01	
260	3.000180e+00	9.754990e-01	0.000000e+00	1.850000e+00	
261	3.000180e+00	9.754810e-01	0.000000e+00	3.650000e+00	
262	3.000180e+00	9.754675e-01	0.000000e+00	5.000000e+00	
263	3.000180e+00	9.754639e-01	0.000000e+00	5.000000e+00	
264	3.000180e+00	9.754567e-01	0.000000e+00	5.000000e+00	
265	3.000180e+00	9.754423e-01	0.000000e+00	5.000000e+00	
266	3.000180e+00	9.754135e-01	0.000000e+00	5.000000e+00	
267	3.000180e+00	9.753559e-01	0.000000e+00	5.000000e+00	
268	3.000180e+00	9.752407e-01	0.000000e+00	5.000000e+00	
269	3.000180e+00	9.750103e-01	0.000000e+00	5.000000e+00	
270	3.000181e+00	9.745495e-01	0.000000e+00	5.000000e+00	
271	3.000181e+00	9.736279e-01	0.000000e+00	5.000000e+00	
272	3.000181e+00	9.717847e-01	0.000000e+00	5.000000e+00	
273	3.000181e+00	9.680983e-01	0.000000e+00	5.000000e+00	
274	3.000181e+00	9.607255e-01	0.000000e+00	5.000000e+00	
275	3.000181e+00	9.459799e-01	0.000000e+00	5.000000e+00	
276	3.000182e+00	9.164887e-01	0.000000e+00	5.000000e+00	
277	3.000183e+00	8.575062e-01	0.000000e+00	5.000000e+00	
278	3.000185e+00	7.395414e-01	0.000000e+00	5.000000e+00	
279	3.000190e+00	5.036118e-01	0.000000e+00	5.000000e+00	
280	3.000199e+00	3.175258e-02	0.000000e+00	5.000000e+00	
281	3.000200e+00	0.000000e+00	0.000000e+00	5.000000e+00	
282	3.000201e+00	0.000000e+00	0.000000e+00	5.000000e+00	
283	3.000204e+00	0.000000e+00	0.000000e+00	5.000000e+00	
284	3.000209e+00	0.000000e+00	0.000000e+00	5.000000e+00	
285	3.000219e+00	0.000000e+00	0.000000e+00	5.000000e+00	
286	3.000239e+00	0.000000e+00	0.000000e+00	5.000000e+00	

Index   time            in1             in2             out             
--------------------------------------------------------------------------------
287	3.000280e+00	0.000000e+00	0.000000e+00	5.000000e+00	
288	3.000361e+00	0.000000e+00	0.000000e+00	5.000000e+00	
289	3.000524e+00	0.000000e+00	0.000000e+00	5.000000e+00	
290	3.000849e+00	0.000000e+00	0.000000e+00	5.000000e+00	
291	3.001499e+00	0.000000e+00	0.000000e+00	5.000000e+00	
292	3.002800e+00	0.000000e+00	0.000000e+00	5.000000e+00	
293	3.005401e+00	0.000000e+00	0.000000e+00	5.000000e+00	
294	3.010603e+00	0.000000e+00	0.000000e+00	5.000000e+00	
295	3.021008e+00	0.000000e+00	0.000000e+00	5.000000e+00	
296	3.041817e+00	0.000000e+00	0.000000e+00	5.000000e+00	
297	3.083436e+00	0.000000e+00	0.000000e+00	5.000000e+00	
298	3.166674e+00	0.000000e+00	0.000000e+00	5.000000e+00	
299	3.333149e+00	0.000000e+00	0.000000e+00	5.000000e+00	
300	3.666099e+00	0.000000e+00	0.000000e+00	5.000000e+00	
301	4.000000e+00	0.000000e+00	0.000000e+00	5.000000e+00	
302	4.000010e+00	5.000000e-01	5.000000e-01	5.000000e+00	
303	4.000030e+00	1.500000e+00	1.500000e+00	5.000000e+00	
304	4.000030e+00	1.500100e+00	1.500100e+00	5.000000e+00	
305	4.000030e+00	1.500104e+00	1.500104e+00	4.550000e+00	
306	4.000030e+00	1.500113e+00	1.500113e+00	3.650000e+00	
307	4.000030e+00	1.500131e+00	1.500131e+00	1.850000e+00	
308	4.000030e+00	1.500145e+00	1.500145e+00	5.000000e-01	
309	4.000030e+00	1.500149e+00	1.500149e+00	5.000000e-01	
310	4.000030e+00	1.500156e+00	1.500156e+00	5.000000e-01	
311	4.000030e+00	1.500170e+00	1.500170e+00	5.000000e-01	
312	4.000030e+00	1.500199e+00	1.500199e+00	5.000000e-01	
313	4.000030e+00	1.500257e+00	1.500257e+00	5.000000e-01	
314	4.000030e+00	1.500372e+00	1.500372e+00	5.000000e-01	
315	4.000030e+00	1.500602e+00	1.500602e+00	5.000000e-01	
316	4.000030e+00	1.501063e+00	1.501063e+00	5.000000e-01	
317	4.000030e+00	1.501985e+00	1.501985e+00	5.000000e-01	
318	4.000030e+00	1.503828e+00	1.503828e+00	5.000000e-01	
319	4.000030e+00	1.507514e+00	1.507514e+00	5.000000e-01	
320	4.000030e+00	1.514887e+00	1.514887e+00	5.000000e-01	
321	4.000031e+00	1.529633e+00	1.529633e+00	5.000000e-01	
322	4.000031e+00	1.559124e+00	1.559124e+00	5.000000e-01	
323	4.000032e+00	1.618106e+00	1.618106e+00	5.000000e-01	
324	4.000035e+00	1.736071e+00	1.736071e+00	5.000000e-01	
325	4.000039e+00	1.972001e+00	1.972001e+00	5.000000e-01	
326	4.000049e+00	2.443860e+00	2.443860e+00	5.000000e-01	
327	4.000049e+00	2.443960e+00	2.443960e+00	5.000000e-01	
328	4.000049e+00	2.443964e+00	2.443964e+00	9.500000e-01	
329	4.000049e+00	2.443973e+00	2.443973e+00	1.850000e+00	
330	4.000049e+00	2.443991e+00	2.443991e+00	3.650000e+00	
331	4.000049e+00	2.444005e+00	2.444005e+00	5.000000e+00	
332	4.000049e+00	2.444008e+00	2.444008e+00	5.000000e+00	
333	4.000049e+00	2.444016e+00	2.444016e+00	5.000000e+00	
334	4.000049e+00	2.444030e+00	2.444030e+00	5.000000e+00	
335	4.000049e+00	2.444059e+00	2.444059e+00	5.000000e+00	
336	4.000049e+00	2.444116e+00	2.444116e+00	5.000000e+00	
337	4.000049e+00	2.444232e+00	2.444232e+00	5.000000e+00	
338	4.000049e+00	2.444462e+00	2.444462e+00	5.000000e+00	
339	4.000049e+00	2.444923e+00	2.444923e+00	5.000000e+00	
340	4.000049e+00	2.445844e+00	2.445844e+00	5.000000e+00	
341	4.000049e+00	2.447688e+00	2.447688e+00	5.000000e+00	
342	4.000049e+00	2.451374e+00	2.451374e+00	5.000000e+00	
343	4.000049e+00	2.458747e+00	2.458747e+00	5.000000e+00	
344	4.000049e+00	2.473492e+00	2.473492e+00	5.000000e+00	

Index   time            in1             in2             out             
--------------------------------------------------------------------------------
345	4.000050e+00	2.502984e+00	2.502984e+00	5.000000e+00	
346	4.000051e+00	2.561966e+00	2.561966e+00	5.000000e+00	
347	4.000054e+00	2.679931e+00	2.679931e+00	5.000000e+00	
348	4.000058e+00	2.915861e+00	2.915861e+00	5.000000e+00	
349	4.000068e+00	3.387720e+00	3.387720e+00	5.000000e+00	
350	4.000087e+00	4.331438e+00	4.331438e+00	5.000000e+00	
351	4.000100e+00	5.000000e+00	5.000000e+00	5.000000e+00	
352	4.000104e+00	5.000000e+00	5.000000e+00	5.000000e+00	
353	4.000111e+00	5.000000e+00	5.000000e+00	5.000000e+00	
354	4.000126e+00	5.000000e+00	5.000000e+00	5.000000e+00	
355	4.000157e+00	5.000000e+00	5.000000e+00	5.000000e+00	
356	4.000217e+00	5.000000e+00	5.000000e+00	5.000000e+00	
357	4.000338e+00	5.000000e+00	5.000000e+00	5.000000e+00	
358	4.000579e+00	5.000000e+00	5.000000e+00	5.000000e+00	
359	4.001063e+00	5.000000e+00	5.000000e+00	5.000000e+00	
360	4.002029e+00	5.000000e+00	5.000000e+00	5.000000e+00	
361	4.003962e+00	5.000000e+00	5.000000e+00	5.000000e+00	
362	4.007827e+00	5.000000e+00	5.000000e+00	5.000000e+00	
363	4.015558e+00	5.000000e+00	5.000000e+00	5.000000e+00	
364	4.031020e+00	5.000000e+00	5.000000e+00	5.000000e+00	
365	4.061944e+00	5.000000e+00	5.000000e+00	5.000000e+00	
366	4.123791e+00	5.000000e+00	5.000000e+00	5.000000e+00	
367	4.247486e+00	5.000000e+00	5.000000e+00	5.000000e+00	
368	4.494876e+00	5.000000e+00	5.000000e+00	5.000000e+00	
369	4.894876e+00	5.000000e+00	5.000000e+00	5.000000e+00	
370	5.000100e+00	5.000000e+00	5.000000e+00	5.000000e+00	
371	5.000110e+00	4.500000e+00	5.000000e+00	5.000000e+00	
372	5.000130e+00	3.500000e+00	5.000000e+00	5.000000e+00	
373	5.000170e+00	1.500000e+00	5.000000e+00	5.000000e+00	
374	5.000170e+00	1.499900e+00	5.000000e+00	5.000000e+00	
375	5.000170e+00	1.499896e+00	5.000000e+00	4.550000e+00	
376	5.000170e+00	1.499887e+00	5.000000e+00	3.650000e+00	
377	5.000170e+00	1.499868e+00	5.000000e+00	1.850000e+00	
378	5.000170e+00	1.499855e+00	5.000000e+00	5.000000e-01	
379	5.000170e+00	1.499851e+00	5.000000e+00	5.000000e-01	
380	5.000170e+00	1.499844e+00	5.000000e+00	5.000000e-01	
381	5.000170e+00	1.499830e+00	5.000000e+00	5.000000e-01	
382	5.000170e+00	1.499801e+00	5.000000e+00	5.000000e-01	
383	5.000170e+00	1.499743e+00	5.000000e+00	5.000000e-01	
384	5.000170e+00	1.499628e+00	5.000000e+00	5.000000e-01	
385	5.000170e+00	1.499398e+00	5.000000e+00	5.000000e-01	
386	5.000170e+00	1.498937e+00	5.000000e+00	5.000000e-01	
387	5.000170e+00	1.498015e+00	5.000000e+00	5.000000e-01	
388	5.000170e+00	1.496172e+00	5.000000e+00	5.000000e-01	
389	5.000170e+00	1.492486e+00	5.000000e+00	5.000000e-01	
390	5.000170e+00	1.485113e+00	5.000000e+00	5.000000e-01	
391	5.000171e+00	1.470367e+00	5.000000e+00	5.000000e-01	
392	5.000171e+00	1.440876e+00	5.000000e+00	5.000000e-01	
393	5.000172e+00	1.381894e+00	5.000000e+00	5.000000e-01	
394	5.000175e+00	1.263929e+00	5.000000e+00	5.000000e-01	
395	5.000179e+00	1.027999e+00	5.000000e+00	5.000000e-01	
396	5.000189e+00	5.561401e-01	5.000000e+00	5.000000e-01	
397	5.000189e+00	5.560401e-01	5.000000e+00	5.000000e-01	
398	5.000189e+00	5.560396e-01	5.000000e+00	4.500000e-01	
399	5.000189e+00	5.560386e-01	5.000000e+00	3.500000e-01	
400	5.000189e+00	5.560366e-01	5.000000e+00	1.500000e-01	
401	5.000189e+00	5.560326e-01	5.000000e+00	0.000000e+00	
402	5.000189e+00	5.560246e-01	5.000000e+00	0.000000e+00	

Index   time            in1             in2             out             
--------------------------------------------------------------------------------
403	5.000189e+00	5.560086e-01	5.000000e+00	0.000000e+00	
404	5.000189e+00	5.559766e-01	5.000000e+00	0.000000e+00	
405	5.000189e+00	5.559126e-01	5.000000e+00	0.000000e+00	
406	5.000189e+00	5.557846e-01	5.000000e+00	0.000000e+00	
407	5.000189e+00	5.555286e-01	5.000000e+00	0.000000e+00	
408	5.000189e+00	5.550166e-01	5.000000e+00	0.000000e+00	
409	5.000189e+00	5.539926e-01	5.000000e+00	0.000000e+00	
410	5.000189e+00	5.519446e-01	5.000000e+00	0.000000e+00	
411	5.000189e+00	5.478486e-01	5.000000e+00	0.000000e+00	
412	5.000189e+00	5.396566e-01	5.000000e+00	0.000000e+00	
413	5.000190e+00	5.232726e-01	5.000000e+00	0.000000e+00	
414	5.000190e+00	4.905046e-01	5.000000e+00	0.000000e+00	
415	5.000192e+00	4.249686e-01	5.000000e+00	0.000000e+00	
416	5.000194e+00	2.938966e-01	5.000000e+00	0.000000e+00	
417	5.000199e+00	3.175258e-02	5.000000e+00	0.000000e+00	
418	5.000200e+00	2.275513e-11	5.000000e+00	0.000000e+00	
419	5.000201e+00	0.000000e+00	5.000000e+00	0.000000e+00	
420	5.000203e+00	0.000000e+00	5.000000e+00	0.000000e+00	
421	5.000207e+00	0.000000e+00	5.000000e+00	0.000000e+00	
422	5.000216e+00	0.000000e+00	5.000000e+00	0.000000e+00	
423	5.000233e+00	0.000000e+00	5.000000e+00	0.000000e+00	
424	5.000266e+00	0.000000e+00	5.000000e+00	0.000000e+00	
425	5.000333e+00	0.000000e+00	5.000000e+00	0.000000e+00	
426	5.000467e+00	0.000000e+00	5.000000e+00	0.000000e+00	
427	5.000736e+00	0.000000e+00	5.000000e+00	0.000000e+00	
428	5.001273e+00	0.000000e+00	5.000000e+00	0.000000e+00	
429	5.002346e+00	0.000000e+00	5.000000e+00	0.000000e+00	
430	5.004494e+00	0.000000e+00	5.000000e+00	0.000000e+00	
431	5.008789e+00	0.000000e+00	5.000000e+00	0.000000e+00	
432	5.017379e+00	0.000000e+00	5.000000e+00	0.000000e+00	
433	5.034559e+00	0.000000e+00	5.000000e+00	0.000000e+00	
434	5.068918e+00	0.000000e+00	5.000000e+00	0.000000e+00	
435	5.137638e+00	0.000000e+00	5.000000e+00	0.000000e+00	
436	5.275077e+00	0.000000e+00	5.000000e+00	0.000000e+00	
437	5.549955e+00	0.000000e+00	5.000000e+00	0.000000e+00	
438	5.949955e+00	0.000000e+00	5.000000e+00	0.000000e+00	
439	6.000000e+00	0.000000e+00	5.000000e+00	0.000000e+00	
440	6.000010e+00	5.000000e-01	5.000000e+00	0.000000e+00	
441	6.000030e+00	1.500000e+00	5.000000e+00	0.000000e+00	
442	6.000030e+00	1.500100e+00	5.000000e+00	0.000000e+00	
443	6.000030e+00	1.500100e+00	5.000000e+00	5.000000e-02	
444	6.000030e+00	1.500101e+00	5.000000e+00	1.500000e-01	
445	6.000030e+00	1.500103e+00	5.000000e+00	3.500000e-01	
446	6.000030e+00	1.500107e+00	5.000000e+00	5.000000e-01	
447	6.000030e+00	1.500115e+00	5.000000e+00	5.000000e-01	
448	6.000030e+00	1.500131e+00	5.000000e+00	5.000000e-01	
449	6.000030e+00	1.500164e+00	5.000000e+00	5.000000e-01	
450	6.000030e+00	1.500228e+00	5.000000e+00	5.000000e-01	
451	6.000030e+00	1.500356e+00	5.000000e+00	5.000000e-01	
452	6.000030e+00	1.500612e+00	5.000000e+00	5.000000e-01	
453	6.000030e+00	1.501124e+00	5.000000e+00	5.000000e-01	
454	6.000030e+00	1.502148e+00	5.000000e+00	5.000000e-01	
455	6.000030e+00	1.504196e+00	5.000000e+00	5.000000e-01	
456	6.000030e+00	1.508292e+00	5.000000e+00	5.000000e-01	
457	6.000030e+00	1.516484e+00	5.000000e+00	5.000000e-01	
458	6.000031e+00	1.532868e+00	5.000000e+00	5.000000e-01	
459	6.000031e+00	1.565636e+00	5.000000e+00	5.000000e-01	
460	6.000033e+00	1.631172e+00	5.000000e+00	5.000000e-01	

Index   time            in1             in2             out             
--------------------------------------------------------------------------------
461	6.000035e+00	1.762244e+00	5.000000e+00	5.000000e-01	
462	6.000040e+00	2.024388e+00	5.000000e+00	5.000000e-01	
463	6.000040e+00	2.024488e+00	5.000000e+00	5.000000e-01	
464	6.000040e+00	2.024492e+00	5.000000e+00	9.500000e-01	
465	6.000040e+00	2.024501e+00	5.000000e+00	1.850000e+00	
466	6.000040e+00	2.024519e+00	5.000000e+00	3.650000e+00	
467	6.000040e+00	2.024533e+00	5.000000e+00	5.000000e+00	
468	6.000040e+00	2.024536e+00	5.000000e+00	5.000000e+00	
469	6.000040e+00	2.024543e+00	5.000000e+00	5.000000e+00	
470	6.000040e+00	2.024558e+00	5.000000e+00	5.000000e+00	
471	6.000040e+00	2.024587e+00	5.000000e+00	5.000000e+00	
472	6.000040e+00	2.024644e+00	5.000000e+00	5.000000e+00	
473	6.000040e+00	2.024759e+00	5.000000e+00	5.000000e+00	
474	6.000040e+00	2.024990e+00	5.000000e+00	5.000000e+00	
475	6.000041e+00	2.025451e+00	5.000000e+00	5.000000e+00	
476	6.000041e+00	2.026372e+00	5.000000e+00	5.000000e+00	
477	6.000041e+00	2.028215e+00	5.000000e+00	5.000000e+00	
478	6.000041e+00	2.031902e+00	5.000000e+00	5.000000e+00	
479	6.000041e+00	2.039275e+00	5.000000e+00	5.000000e+00	
480	6.000041e+00	2.054020e+00	5.000000e+00	5.000000e+00	
481	6.000042e+00	2.083511e+00	5.000000e+00	5.000000e+00	
482	6.000043e+00	2.142494e+00	5.000000e+00	5.000000e+00	
483	6.000045e+00	2.260459e+00	5.000000e+00	5.000000e+00	
484	6.000050e+00	2.496388e+00	5.000000e+00	5.000000e+00	
485	6.000059e+00	2.968247e+00	5.000000e+00	5.000000e+00	
486	6.000078e+00	3.911966e+00	5.000000e+00	5.000000e+00	
487	6.000100e+00	5.000000e+00	5.000000e+00	5.000000e+00	
488	6.000104e+00	5.000000e+00	4.811256e+00	5.000000e+00	
489	6.000111e+00	5.000000e+00	4.433769e+00	5.000000e+00	
490	6.000126e+00	5.000000e+00	3.678794e+00	5.000000e+00	
491	6.000157e+00	5.000000e+00	2.168845e+00	5.000000e+00	
492	6.000200e+00	5.000000e+00	3.385736e-11	5.000000e+00	
493	6.000200e+00	5.000000e+00	0.000000e+00	5.000000e+00	
494	6.000200e+00	5.000000e+00	0.000000e+00	4.500000e+00	
495	6.000200e+00	5.000000e+00	0.000000e+00	3.500000e+00	
496	6.000200e+00	5.000000e+00	0.000000e+00	1.500000e+00	
497	6.000200e+00	5.000000e+00	0.000000e+00	0.000000e+00	
498	6.000200e+00	5.000000e+00	0.000000e+00	0.000000e+00	
499	6.000200e+00	5.000000e+00	0.000000e+00	0.000000e+00	
500	6.000200e+00	5.000000e+00	0.000000e+00	0.000000e+00	
501	6.000200e+00	5.000000e+00	0.000000e+00	0.000000e+00	
502	6.000200e+00	5.000000e+00	0.000000e+00	0.000000e+00	
503	6.000200e+00	5.000000e+00	0.000000e+00	0.000000e+00	
504	6.000200e+00	5.000000e+00	0.000000e+00	0.000000e+00	
505	6.000200e+00	5.000000e+00	0.000000e+00	0.000000e+00	
506	6.000200e+00	5.000000e+00	0.000000e+00	0.000000e+00	
507	6.000200e+00	5.000000e+00	0.000000e+00	0.000000e+00	
508	6.000200e+00	5.000000e+00	0.000000e+00	0.000000e+00	
509	6.000200e+00	5.000000e+00	0.000000e+00	0.000000e+00	
510	6.000201e+00	5.000000e+00	0.000000e+00	0.000000e+00	
511	6.000201e+00	5.000000e+00	0.000000e+00	0.000000e+00	
512	6.000203e+00	5.000000e+00	0.000000e+00	0.000000e+00	
513	6.000205e+00	5.000000e+00	0.000000e+00	0.000000e+00	
514	6.000210e+00	5.000000e+00	0.000000e+00	0.000000e+00	
515	6.000221e+00	5.000000e+00	0.000000e+00	0.000000e+00	
516	6.000242e+00	5.000000e+00	0.000000e+00	0.000000e+00	
517	6.000284e+00	5.000000e+00	0.000000e+00	0.000000e+00	
518	6.000368e+00	5.000000e+00	0.000000e+00	0.000000e+00	

Index   time            in1             in2             out             
--------------------------------------------------------------------------------
519	6.000536e+00	5.000000e+00	0.000000e+00	0.000000e+00	
520	6.000871e+00	5.000000e+00	0.000000e+00	0.000000e+00	
521	6.001542e+00	5.000000e+00	0.000000e+00	0.000000e+00	
522	6.002884e+00	5.000000e+00	0.000000e+00	0.000000e+00	
523	6.005569e+00	5.000000e+00	0.000000e+00	0.000000e+00	
524	6.010937e+00	5.000000e+00	0.000000e+00	0.000000e+00	
525	6.021675e+00	5.000000e+00	0.000000e+00	0.000000e+00	
526	6.043150e+00	5.000000e+00	0.000000e+00	0.000000e+00	
527	6.086099e+00	5.000000e+00	0.000000e+00	0.000000e+00	
528	6.171999e+00	5.000000e+00	0.000000e+00	0.000000e+00	
529	6.343797e+00	5.000000e+00	0.000000e+00	0.000000e+00	
530	6.687395e+00	5.000000e+00	0.000000e+00	0.000000e+00	
531	7.000100e+00	5.000000e+00	0.000000e+00	0.000000e+00	
532	7.000110e+00	4.500000e+00	0.000000e+00	0.000000e+00	
533	7.000130e+00	3.500000e+00	0.000000e+00	0.000000e+00	
534	7.000170e+00	1.500000e+00	0.000000e+00	0.000000e+00	
535	7.000170e+00	1.499900e+00	0.000000e+00	0.000000e+00	
536	7.000170e+00	1.499900e+00	0.000000e+00	5.000000e-02	
537	7.000170e+00	1.499899e+00	0.000000e+00	1.500000e-01	
538	7.000170e+00	1.499897e+00	0.000000e+00	3.500000e-01	
539	7.000170e+00	1.499893e+00	0.000000e+00	5.000000e-01	
540	7.000170e+00	1.499885e+00	0.000000e+00	5.000000e-01	
541	7.000170e+00	1.499868e+00	0.000000e+00	5.000000e-01	
542	7.000170e+00	1.499836e+00	0.000000e+00	5.000000e-01	
543	7.000170e+00	1.499772e+00	0.000000e+00	5.000000e-01	
544	7.000170e+00	1.499644e+00	0.000000e+00	5.000000e-01	
545	7.000170e+00	1.499388e+00	0.000000e+00	5.000000e-01	
546	7.000170e+00	1.498876e+00	0.000000e+00	5.000000e-01	
547	7.000170e+00	1.497852e+00	0.000000e+00	5.000000e-01	
548	7.000170e+00	1.495804e+00	0.000000e+00	5.000000e-01	
549	7.000170e+00	1.491708e+00	0.000000e+00	5.000000e-01	
550	7.000170e+00	1.483516e+00	0.000000e+00	5.000000e-01	
551	7.000171e+00	1.467132e+00	0.000000e+00	5.000000e-01	
552	7.000171e+00	1.434364e+00	0.000000e+00	5.000000e-01	
553	7.000173e+00	1.368828e+00	0.000000e+00	5.000000e-01	
554	7.000175e+00	1.237756e+00	0.000000e+00	5.000000e-01	
555	7.000180e+00	9.756125e-01	0.000000e+00	5.000000e-01	
556	7.000180e+00	9.755125e-01	0.000000e+00	5.000000e-01	
557	7.000180e+00	9.755080e-01	0.000000e+00	9.500000e-01	
558	7.000180e+00	9.754990e-01	0.000000e+00	1.850000e+00	
559	7.000180e+00	9.754810e-01	0.000000e+00	3.650000e+00	
560	7.000180e+00	9.754675e-01	0.000000e+00	5.000000e+00	
561	7.000180e+00	9.754639e-01	0.000000e+00	5.000000e+00	
562	7.000180e+00	9.754567e-01	0.000000e+00	5.000000e+00	
563	7.000180e+00	9.754423e-01	0.000000e+00	5.000000e+00	
564	7.000180e+00	9.754135e-01	0.000000e+00	5.000000e+00	
565	7.000180e+00	9.753559e-01	0.000000e+00	5.000000e+00	
566	7.000180e+00	9.752407e-01	0.000000e+00	5.000000e+00	
567	7.000180e+00	9.750103e-01	0.000000e+00	5.000000e+00	
568	7.000181e+00	9.745495e-01	0.000000e+00	5.000000e+00	
569	7.000181e+00	9.736279e-01	0.000000e+00	5.000000e+00	
570	7.000181e+00	9.717847e-01	0.000000e+00	5.000000e+00	
571	7.000181e+00	9.680983e-01	0.000000e+00	5.000000e+00	
572	7.000181e+00	9.607255e-01	0.000000e+00	5.000000e+00	
573	7.000181e+00	9.459799e-01	0.000000e+00	5.000000e+00	
574	7.000182e+00	9.164887e-01	0.000000e+00	5.000000e+00	
575	7.000183e+00	8.575062e-01	0.000000e+00	5.000000e+00	
576	7.000185e+00	7.395414e-01	0.000000e+00	5.000000e+00	

Index   time            in1             in2             out             
--------------------------------------------------------------------------------
577	7.000190e+00	5.036118e-01	0.000000e+00	5.000000e+00	
578	7.000199e+00	3.175258e-02	0.000000e+00	5.000000e+00	
579	7.000200e+00	2.275513e-11	0.000000e+00	5.000000e+00	
580	7.000201e+00	0.000000e+00	0.000000e+00	5.000000e+00	
581	7.000204e+00	0.000000e+00	0.000000e+00	5.000000e+00	
582	7.000209e+00	0.000000e+00	0.000000e+00	5.000000e+00	
583	7.000219e+00	0.000000e+00	0.000000e+00	5.000000e+00	
584	7.000239e+00	0.000000e+00	0.000000e+00	5.000000e+00	
585	7.000280e+00	0.000000e+00	0.000000e+00	5.000000e+00	
586	7.000361e+00	0.000000e+00	0.000000e+00	5.000000e+00	
587	7.000524e+00	0.000000e+00	0.000000e+00	5.000000e+00	
588	7.000849e+00	0.000000e+00	0.000000e+00	5.000000e+00	
589	7.001499e+00	0.000000e+00	0.000000e+00	5.000000e+00	
590	7.002800e+00	0.000000e+00	0.000000e+00	5.000000e+00	
591	7.005401e+00	0.000000e+00	0.000000e+00	5.000000e+00	
592	7.010603e+00	0.000000e+00	0.000000e+00	5.000000e+00	
593	7.021008e+00	0.000000e+00	0.000000e+00	5.000000e+00	
594	7.041817e+00	0.000000e+00	0.000000e+00	5.000000e+00	
595	7.083436e+00	0.000000e+00	0.000000e+00	5.000000e+00	
596	7.166674e+00	0.000000e+00	0.000000e+00	5.000000e+00	
597	7.333149e+00	0.000000e+00	0.000000e+00	5.000000e+00	
598	7.666099e+00	0.000000e+00	0.000000e+00	5.000000e+00	
599	8.000000e+00	0.000000e+00	0.000000e+00	5.000000e+00	
600	8.000010e+00	5.000000e-01	5.000000e-01	5.000000e+00	
601	8.000030e+00	1.500000e+00	1.500000e+00	5.000000e+00	
602	8.000030e+00	1.500100e+00	1.500100e+00	5.000000e+00	
603	8.000030e+00	1.500104e+00	1.500104e+00	4.549996e+00	
604	8.000030e+00	1.500113e+00	1.500113e+00	3.649995e+00	
605	8.000030e+00	1.500131e+00	1.500131e+00	1.849995e+00	
606	8.000030e+00	1.500145e+00	1.500145e+00	5.000000e-01	
607	8.000030e+00	1.500149e+00	1.500149e+00	5.000000e-01	
608	8.000030e+00	1.500156e+00	1.500156e+00	5.000000e-01	
609	8.000030e+00	1.500170e+00	1.500170e+00	5.000000e-01	
610	8.000030e+00	1.500199e+00	1.500199e+00	5.000000e-01	
611	8.000030e+00	1.500257e+00	1.500257e+00	5.000000e-01	
612	8.000030e+00	1.500372e+00	1.500372e+00	5.000000e-01	
613	8.000030e+00	1.500602e+00	1.500602e+00	5.000000e-01	
614	8.000030e+00	1.501063e+00	1.501063e+00	5.000000e-01	
615	8.000030e+00	1.501985e+00	1.501985e+00	5.000000e-01	
616	8.000030e+00	1.503828e+00	1.503828e+00	5.000000e-01	
617	8.000030e+00	1.507514e+00	1.507514e+00	5.000000e-01	
618	8.000030e+00	1.514887e+00	1.514887e+00	5.000000e-01	
619	8.000031e+00	1.529633e+00	1.529633e+00	5.000000e-01	
620	8.000031e+00	1.559124e+00	1.559124e+00	5.000000e-01	
621	8.000032e+00	1.618106e+00	1.618106e+00	5.000000e-01	
622	8.000035e+00	1.736071e+00	1.736071e+00	5.000000e-01	
623	8.000039e+00	1.972001e+00	1.972001e+00	5.000000e-01	
624	8.000049e+00	2.443860e+00	2.443860e+00	5.000000e-01	
625	8.000049e+00	2.443960e+00	2.443960e+00	5.000000e-01	
626	8.000049e+00	2.443964e+00	2.443964e+00	9.500045e-01	
627	8.000049e+00	2.443973e+00	2.443973e+00	1.850005e+00	
628	8.000049e+00	2.443991e+00	2.443991e+00	3.650005e+00	
629	8.000049e+00	2.444005e+00	2.444005e+00	5.000000e+00	
630	8.000049e+00	2.444008e+00	2.444008e+00	5.000000e+00	
631	8.000049e+00	2.444016e+00	2.444016e+00	5.000000e+00	
632	8.000049e+00	2.444030e+00	2.444030e+00	5.000000e+00	
633	8.000049e+00	2.444059e+00	2.444059e+00	5.000000e+00	
634	8.000049e+00	2.444116e+00	2.444116e+00	5.000000e+00	

Index   time            in1             in2             out             
--------------------------------------------------------------------------------
635	8.000049e+00	2.444232e+00	2.444232e+00	5.000000e+00	
636	8.000049e+00	2.444462e+00	2.444462e+00	5.000000e+00	
637	8.000049e+00	2.444923e+00	2.444923e+00	5.000000e+00	
638	8.000049e+00	2.445844e+00	2.445844e+00	5.000000e+00	
639	8.000049e+00	2.447688e+00	2.447688e+00	5.000000e+00	
640	8.000049e+00	2.451374e+00	2.451374e+00	5.000000e+00	
641	8.000049e+00	2.458747e+00	2.458747e+00	5.000000e+00	
642	8.000049e+00	2.473492e+00	2.473492e+00	5.000000e+00	
643	8.000050e+00	2.502984e+00	2.502984e+00	5.000000e+00	
644	8.000051e+00	2.561966e+00	2.561966e+00	5.000000e+00	
645	8.000054e+00	2.679931e+00	2.679931e+00	5.000000e+00	
646	8.000058e+00	2.915861e+00	2.915861e+00	5.000000e+00	
647	8.000068e+00	3.387720e+00	3.387720e+00	5.000000e+00	
648	8.000087e+00	4.331438e+00	4.331438e+00	5.000000e+00	
649	8.000100e+00	5.000000e+00	5.000000e+00	5.000000e+00	
650	8.000104e+00	5.000000e+00	5.000000e+00	5.000000e+00	
651	8.000111e+00	5.000000e+00	5.000000e+00	5.000000e+00	
652	8.000126e+00	5.000000e+00	5.000000e+00	5.000000e+00	
653	8.000157e+00	5.000000e+00	5.000000e+00	5.000000e+00	
654	8.000217e+00	5.000000e+00	5.000000e+00	5.000000e+00	
655	8.000338e+00	5.000000e+00	5.000000e+00	5.000000e+00	
656	8.000579e+00	5.000000e+00	5.000000e+00	5.000000e+00	
657	8.001063e+00	5.000000e+00	5.000000e+00	5.000000e+00	
658	8.002029e+00	5.000000e+00	5.000000e+00	5.000000e+00	
659	8.003962e+00	5.000000e+00	5.000000e+00	5.000000e+00	
660	8.007827e+00	5.000000e+00	5.000000e+00	5.000000e+00	
661	8.015558e+00	5.000000e+00	5.000000e+00	5.000000e+00	
662	8.031020e+00	5.000000e+00	5.000000e+00	5.000000e+00	
663	8.061944e+00	5.000000e+00	5.000000e+00	5.000000e+00	
664	8.123791e+00	5.000000e+00	5.000000e+00	5.000000e+00	
665	8.247486e+00	5.000000e+00	5.000000e+00	5.000000e+00	
666	8.494876e+00	5.000000e+00	5.000000e+00	5.000000e+00	
667	8.894876e+00	5.000000e+00	5.000000e+00	5.000000e+00	
668	9.000100e+00	5.000000e+00	5.000000e+00	5.000000e+00	
669	9.000110e+00	4.500000e+00	5.000000e+00	5.000000e+00	
670	9.000130e+00	3.500000e+00	5.000000e+00	5.000000e+00	
671	9.000170e+00	1.500000e+00	5.000000e+00	5.000000e+00	
672	9.000170e+00	1.499900e+00	5.000000e+00	5.000000e+00	
673	9.000170e+00	1.499896e+00	5.000000e+00	4.549996e+00	
674	9.000170e+00	1.499887e+00	5.000000e+00	3.649995e+00	
675	9.000170e+00	1.499869e+00	5.000000e+00	1.849995e+00	
676	9.000170e+00	1.499855e+00	5.000000e+00	5.000000e-01	
677	9.000170e+00	1.499851e+00	5.000000e+00	5.000000e-01	
678	9.000170e+00	1.499844e+00	5.000000e+00	5.000000e-01	
679	9.000170e+00	1.499830e+00	5.000000e+00	5.000000e-01	
680	9.000170e+00	1.499801e+00	5.000000e+00	5.000000e-01	
681	9.000170e+00	1.499743e+00	5.000000e+00	5.000000e-01	
682	9.000170e+00	1.499628e+00	5.000000e+00	5.000000e-01	
683	9.000170e+00	1.499398e+00	5.000000e+00	5.000000e-01	
684	9.000170e+00	1.498937e+00	5.000000e+00	5.000000e-01	
685	9.000170e+00	1.498015e+00	5.000000e+00	5.000000e-01	
686	9.000170e+00	1.496172e+00	5.000000e+00	5.000000e-01	
687	9.000170e+00	1.492486e+00	5.000000e+00	5.000000e-01	
688	9.000170e+00	1.485113e+00	5.000000e+00	5.000000e-01	
689	9.000171e+00	1.470367e+00	5.000000e+00	5.000000e-01	
690	9.000171e+00	1.440876e+00	5.000000e+00	5.000000e-01	
691	9.000172e+00	1.381894e+00	5.000000e+00	5.000000e-01	
692	9.000175e+00	1.263929e+00	5.000000e+00	5.000000e-01	

Index   time            in1             in2             out             
--------------------------------------------------------------------------------
693	9.000179e+00	1.027999e+00	5.000000e+00	5.000000e-01	
694	9.000189e+00	5.561401e-01	5.000000e+00	5.000000e-01	
695	9.000189e+00	5.560401e-01	5.000000e+00	5.000000e-01	
696	9.000189e+00	5.560396e-01	5.000000e+00	4.499956e-01	
697	9.000189e+00	5.560386e-01	5.000000e+00	3.499955e-01	
698	9.000189e+00	5.560366e-01	5.000000e+00	1.499955e-01	
699	9.000189e+00	5.560326e-01	5.000000e+00	0.000000e+00	
700	9.000189e+00	5.560246e-01	5.000000e+00	0.000000e+00	
701	9.000189e+00	5.560086e-01	5.000000e+00	0.000000e+00	
702	9.000189e+00	5.559766e-01	5.000000e+00	0.000000e+00	
703	9.000189e+00	5.559126e-01	5.000000e+00	0.000000e+00	
704	9.000189e+00	5.557846e-01	5.000000e+00	0.000000e+00	
705	9.000189e+00	5.555286e-01	5.000000e+00	0.000000e+00	
706	9.000189e+00	5.550166e-01	5.000000e+00	0.000000e+00	
707	9.000189e+00	5.539926e-01	5.000000e+00	0.000000e+00	
708	9.000189e+00	5.519446e-01	5.000000e+00	0.000000e+00	
709	9.000189e+00	5.478486e-01	5.000000e+00	0.000000e+00	
710	9.000189e+00	5.396566e-01	5.000000e+00	0.000000e+00	
711	9.000190e+00	5.232726e-01	5.000000e+00	0.000000e+00	
712	9.000190e+00	4.905046e-01	5.000000e+00	0.000000e+00	
713	9.000192e+00	4.249686e-01	5.000000e+00	0.000000e+00	
714	9.000194e+00	2.938966e-01	5.000000e+00	0.000000e+00	
715	9.000199e+00	3.175258e-02	5.000000e+00	0.000000e+00	
716	9.000200e+00	2.275513e-11	5.000000e+00	0.000000e+00	
717	9.000201e+00	0.000000e+00	5.000000e+00	0.000000e+00	
718	9.000203e+00	0.000000e+00	5.000000e+00	0.000000e+00	
719	9.000207e+00	0.000000e+00	5.000000e+00	0.000000e+00	
720	9.000216e+00	0.000000e+00	5.000000e+00	0.000000e+00	
721	9.000233e+00	0.000000e+00	5.000000e+00	0.000000e+00	
722	9.000266e+00	0.000000e+00	5.000000e+00	0.000000e+00	
723	9.000333e+00	0.000000e+00	5.000000e+00	0.000000e+00	
724	9.000467e+00	0.000000e+00	5.000000e+00	0.000000e+00	
725	9.000736e+00	0.000000e+00	5.000000e+00	0.000000e+00	
726	9.001273e+00	0.000000e+00	5.000000e+00	0.000000e+00	
727	9.002346e+00	0.000000e+00	5.000000e+00	0.000000e+00	
728	9.004494e+00	0.000000e+00	5.000000e+00	0.000000e+00	
729	9.008789e+00	0.000000e+00	5.000000e+00	0.000000e+00	
730	9.017379e+00	0.000000e+00	5.000000e+00	0.000000e+00	
731	9.034559e+00	0.000000e+00	5.000000e+00	0.000000e+00	
732	9.068918e+00	0.000000e+00	5.000000e+00	0.000000e+00	
733	9.137638e+00	0.000000e+00	5.000000e+00	0.000000e+00	
734	9.275077e+00	0.000000e+00	5.000000e+00	0.000000e+00	
735	9.549955e+00	0.000000e+00	5.000000e+00	0.000000e+00	
736	9.949955e+00	0.000000e+00	5.000000e+00	0.000000e+00	
737	1.000000e+01	0.000000e+00	5.000000e+00	0.000000e+00	
738	1.000001e+01	5.000000e-01	5.000000e+00	0.000000e+00	
739	1.000003e+01	1.500000e+00	5.000000e+00	0.000000e+00	
740	1.000003e+01	1.500100e+00	5.000000e+00	0.000000e+00	
741	1.000003e+01	1.500100e+00	5.000000e+00	5.000445e-02	
742	1.000003e+01	1.500101e+00	5.000000e+00	1.500045e-01	
743	1.000003e+01	1.500103e+00	5.000000e+00	3.500045e-01	
744	1.000003e+01	1.500107e+00	5.000000e+00	5.000000e-01	
745	1.000003e+01	1.500115e+00	5.000000e+00	5.000000e-01	
746	1.000003e+01	1.500131e+00	5.000000e+00	5.000000e-01	
747	1.000003e+01	1.500164e+00	5.000000e+00	5.000000e-01	
748	1.000003e+01	1.500228e+00	5.000000e+00	5.000000e-01	
749	1.000003e+01	1.500356e+00	5.000000e+00	5.000000e-01	
750	1.000003e+01	1.500612e+00	5.000000e+00	5.000000e-01	

Index   time            in1             in2             out             
--------------------------------------------------------------------------------
751	1.000003e+01	1.501124e+00	5.000000e+00	5.000000e-01	
752	1.000003e+01	1.502148e+00	5.000000e+00	5.000000e-01	
753	1.000003e+01	1.504196e+00	5.000000e+00	5.000000e-01	
754	1.000003e+01	1.508292e+00	5.000000e+00	5.000000e-01	
755	1.000003e+01	1.516484e+00	5.000000e+00	5.000000e-01	
756	1.000003e+01	1.532868e+00	5.000000e+00	5.000000e-01	
757	1.000003e+01	1.565636e+00	5.000000e+00	5.000000e-01	
758	1.000003e+01	1.631172e+00	5.000000e+00	5.000000e-01	
759	1.000004e+01	1.762244e+00	5.000000e+00	5.000000e-01	
760	1.000004e+01	2.024388e+00	5.000000e+00	5.000000e-01	
761	1.000004e+01	2.024488e+00	5.000000e+00	5.000000e-01	
762	1.000004e+01	2.024492e+00	5.000000e+00	9.500045e-01	
763	1.000004e+01	2.024501e+00	5.000000e+00	1.850005e+00	
764	1.000004e+01	2.024519e+00	5.000000e+00	3.650005e+00	
765	1.000004e+01	2.024533e+00	5.000000e+00	5.000000e+00	
766	1.000004e+01	2.024536e+00	5.000000e+00	5.000000e+00	
767	1.000004e+01	2.024543e+00	5.000000e+00	5.000000e+00	
768	1.000004e+01	2.024558e+00	5.000000e+00	5.000000e+00	
769	1.000004e+01	2.024587e+00	5.000000e+00	5.000000e+00	
770	1.000004e+01	2.024644e+00	5.000000e+00	5.000000e+00	
771	1.000004e+01	2.024759e+00	5.000000e+00	5.000000e+00	
772	1.000004e+01	2.024990e+00	5.000000e+00	5.000000e+00	
773	1.000004e+01	2.025451e+00	5.000000e+00	5.000000e+00	
774	1.000004e+01	2.026372e+00	5.000000e+00	5.000000e+00	
775	1.000004e+01	2.028215e+00	5.000000e+00	5.000000e+00	
776	1.000004e+01	2.031902e+00	5.000000e+00	5.000000e+00	
777	1.000004e+01	2.039275e+00	5.000000e+00	5.000000e+00	
778	1.000004e+01	2.054020e+00	5.000000e+00	5.000000e+00	
779	1.000004e+01	2.083511e+00	5.000000e+00	5.000000e+00	
780	1.000004e+01	2.142494e+00	5.000000e+00	5.000000e+00	
781	1.000005e+01	2.260459e+00	5.000000e+00	5.000000e+00	
782	1.000005e+01	2.496388e+00	5.000000e+00	5.000000e+00	
783	1.000006e+01	2.968247e+00	5.000000e+00	5.000000e+00	
784	1.000008e+01	3.911966e+00	5.000000e+00	5.000000e+00	
785	1.000010e+01	5.000000e+00	5.000000e+00	5.000000e+00	
786	1.000010e+01	5.000000e+00	4.811256e+00	5.000000e+00	
787	1.000011e+01	5.000000e+00	4.433769e+00	5.000000e+00	
788	1.000013e+01	5.000000e+00	3.678794e+00	5.000000e+00	
789	1.000016e+01	5.000000e+00	2.168845e+00	5.000000e+00	
790	1.000020e+01	5.000000e+00	3.385736e-11	5.000000e+00	
791	1.000020e+01	5.000000e+00	0.000000e+00	5.000000e+00	
792	1.000020e+01	5.000000e+00	0.000000e+00	4.500000e+00	
793	1.000020e+01	5.000000e+00	0.000000e+00	3.500000e+00	
794	1.000020e+01	5.000000e+00	0.000000e+00	1.500000e+00	
795	1.000020e+01	5.000000e+00	0.000000e+00	0.000000e+00	
796	1.000020e+01	5.000000e+00	0.000000e+00	0.000000e+00	
797	1.000020e+01	5.000000e+00	0.000000e+00	0.000000e+00	
798	1.000020e+01	5.000000e+00	0.000000e+00	0.000000e+00	
799	1.000020e+01	5.000000e+00	0.000000e+00	0.000000e+00	
800	1.000020e+01	5.000000e+00	0.000000e+00	0.000000e+00	
801	1.000020e+01	5.000000e+00	0.000000e+00	0.000000e+00	
802	1.000020e+01	5.000000e+00	0.000000e+00	0.000000e+00	
803	1.000020e+01	5.000000e+00	0.000000e+00	0.000000e+00	
804	1.000020e+01	5.000000e+00	0.000000e+00	0.000000e+00	
805	1.000020e+01	5.000000e+00	0.000000e+00	0.000000e+00	
806	1.000020e+01	5.000000e+00	0.000000e+00	0.000000e+00	
807	1.000020e+01	5.000000e+00	0.000000e+00	0.000000e+00	
808	1.000020e+01	5.000000e+00	0.000000e+00	0.000000e+00	

Index   time            in1             in2             out             
--------------------------------------------------------------------------------
809	1.000020e+01	5.000000e+00	0.000000e+00	0.000000e+00	
810	1.000020e+01	5.000000e+00	0.000000e+00	0.000000e+00	
811	1.000021e+01	5.000000e+00	0.000000e+00	0.000000e+00	
812	1.000021e+01	5.000000e+00	0.000000e+00	0.000000e+00	
813	1.000022e+01	5.000000e+00	0.000000e+00	0.000000e+00	
814	1.000024e+01	5.000000e+00	0.000000e+00	0.000000e+00	
815	1.000028e+01	5.000000e+00	0.000000e+00	0.000000e+00	
816	1.000037e+01	5.000000e+00	0.000000e+00	0.000000e+00	
817	1.000054e+01	5.000000e+00	0.000000e+00	0.000000e+00	
818	1.000087e+01	5.000000e+00	0.000000e+00	0.000000e+00	
819	1.000154e+01	5.000000e+00	0.000000e+00	0.000000e+00	
820	1.000288e+01	5.000000e+00	0.000000e+00	0.000000e+00	
821	1.000557e+01	5.000000e+00	0.000000e+00	0.000000e+00	
822	1.001094e+01	5.000000e+00	0.000000e+00	0.000000e+00	
823	1.002167e+01	5.000000e+00	0.000000e+00	0.000000e+00	
824	1.004315e+01	5.000000e+00	0.000000e+00	0.000000e+00	
825	1.008610e+01	5.000000e+00	0.000000e+00	0.000000e+00	
826	1.017200e+01	5.000000e+00	0.000000e+00	0.000000e+00	
827	1.034380e+01	5.000000e+00	0.000000e+00	0.000000e+00	
828	1.068739e+01	5.000000e+00	0.000000e+00	0.000000e+00	
829	1.100010e+01	5.000000e+00	0.000000e+00	0.000000e+00	
830	1.100011e+01	4.500000e+00	0.000000e+00	0.000000e+00	
831	1.100013e+01	3.500000e+00	0.000000e+00	0.000000e+00	
832	1.100017e+01	1.500000e+00	0.000000e+00	0.000000e+00	
833	1.100017e+01	1.499900e+00	0.000000e+00	0.000000e+00	
834	1.100017e+01	1.499900e+00	0.000000e+00	5.000445e-02	
835	1.100017e+01	1.499899e+00	0.000000e+00	1.500045e-01	
836	1.100017e+01	1.499897e+00	0.000000e+00	3.500045e-01	
837	1.100017e+01	1.499893e+00	0.000000e+00	5.000000e-01	
838	1.100017e+01	1.499885e+00	0.000000e+00	5.000000e-01	
839	1.100017e+01	1.499869e+00	0.000000e+00	5.000000e-01	
840	1.100017e+01	1.499837e+00	0.000000e+00	5.000000e-01	
841	1.100017e+01	1.499773e+00	0.000000e+00	5.000000e-01	
842	1.100017e+01	1.499645e+00	0.000000e+00	5.000000e-01	
843	1.100017e+01	1.499389e+00	0.000000e+00	5.000000e-01	
844	1.100017e+01	1.498877e+00	0.000000e+00	5.000000e-01	
845	1.100017e+01	1.497852e+00	0.000000e+00	5.000000e-01	
846	1.100017e+01	1.495804e+00	0.000000e+00	5.000000e-01	
847	1.100017e+01	1.491708e+00	0.000000e+00	5.000000e-01	
848	1.100017e+01	1.483516e+00	0.000000e+00	5.000000e-01	
849	1.100017e+01	1.467132e+00	0.000000e+00	5.000000e-01	
850	1.100017e+01	1.434364e+00	0.000000e+00	5.000000e-01	
851	1.100017e+01	1.368828e+00	0.000000e+00	5.000000e-01	
852	1.100018e+01	1.237756e+00	0.000000e+00	5.000000e-01	
853	1.100018e+01	9.756125e-01	0.000000e+00	5.000000e-01	
854	1.100018e+01	9.755125e-01	0.000000e+00	5.000000e-01	
855	1.100018e+01	9.755080e-01	0.000000e+00	9.500045e-01	
856	1.100018e+01	9.754990e-01	0.000000e+00	1.850005e+00	
857	1.100018e+01	9.754810e-01	0.000000e+00	3.650005e+00	
858	1.100018e+01	9.754675e-01	0.000000e+00	5.000000e+00	
859	1.100018e+01	9.754639e-01	0.000000e+00	5.000000e+00	
860	1.100018e+01	9.754567e-01	0.000000e+00	5.000000e+00	
861	1.100018e+01	9.754423e-01	0.000000e+00	5.000000e+00	
862	1.100018e+01	9.754135e-01	0.000000e+00	5.000000e+00	
863	1.100018e+01	9.753559e-01	0.000000e+00	5.000000e+00	
864	1.100018e+01	9.752407e-01	0.000000e+00	5.000000e+00	
865	1.100018e+01	9.750103e-01	0.000000e+00	5.000000e+00	
866	1.100018e+01	9.745495e-01	0.000000e+00	5.000000e+00	

Index   time            in1             in2             out             
--------------------------------------------------------------------------------
867	1.100018e+01	9.736279e-01	0.000000e+00	5.000000e+00	
868	1.100018e+01	9.717847e-01	0.000000e+00	5.000000e+00	
869	1.100018e+01	9.680983e-01	0.000000e+00	5.000000e+00	
870	1.100018e+01	9.607255e-01	0.000000e+00	5.000000e+00	
871	1.100018e+01	9.459799e-01	0.000000e+00	5.000000e+00	
872	1.100018e+01	9.164887e-01	0.000000e+00	5.000000e+00	
873	1.100018e+01	8.575062e-01	0.000000e+00	5.000000e+00	
874	1.100019e+01	7.395414e-01	0.000000e+00	5.000000e+00	
875	1.100019e+01	5.036118e-01	0.000000e+00	5.000000e+00	
876	1.100020e+01	3.175258e-02	0.000000e+00	5.000000e+00	
877	1.100020e+01	2.275513e-11	0.000000e+00	5.000000e+00	
878	1.100020e+01	0.000000e+00	0.000000e+00	5.000000e+00	
879	1.100020e+01	0.000000e+00	0.000000e+00	5.000000e+00	
880	1.100021e+01	0.000000e+00	0.000000e+00	5.000000e+00	
881	1.100022e+01	0.000000e+00	0.000000e+00	5.000000e+00	
882	1.100024e+01	0.000000e+00	0.000000e+00	5.000000e+00	
883	1.100028e+01	0.000000e+00	0.000000e+00	5.000000e+00	
884	1.100036e+01	0.000000e+00	0.000000e+00	5.000000e+00	
885	1.100052e+01	0.000000e+00	0.000000e+00	5.000000e+00	
886	1.100085e+01	0.000000e+00	0.000000e+00	5.000000e+00	
887	1.100150e+01	0.000000e+00	0.000000e+00	5.000000e+00	
888	1.100280e+01	0.000000e+00	0.000000e+00	5.000000e+00	
889	1.100540e+01	0.000000e+00	0.000000e+00	5.000000e+00	
890	1.101060e+01	0.000000e+00	0.000000e+00	5.000000e+00	
891	1.102101e+01	0.000000e+00	0.000000e+00	5.000000e+00	
892	1.104182e+01	0.000000e+00	0.000000e+00	5.000000e+00	
893	1.108344e+01	0.000000e+00	0.000000e+00	5.000000e+00	
894	1.116667e+01	0.000000e+00	0.000000e+00	5.000000e+00	
895	1.133315e+01	0.000000e+00	0.000000e+00	5.000000e+00	
896	1.166610e+01	0.000000e+00	0.000000e+00	5.000000e+00	
897	1.200000e+01	0.000000e+00	0.000000e+00	5.000000e+00	
898	1.200001e+01	5.000000e-01	5.000000e-01	5.000000e+00	
899	1.200003e+01	1.500000e+00	1.500000e+00	5.000000e+00	
900	1.200003e+01	1.500100e+00	1.500100e+00	5.000000e+00	
901	1.200003e+01	1.500104e+00	1.500104e+00	4.549996e+00	
902	1.200003e+01	1.500113e+00	1.500113e+00	3.649995e+00	
903	1.200003e+01	1.500131e+00	1.500131e+00	1.849995e+00	
904	1.200003e+01	1.500145e+00	1.500145e+00	5.000000e-01	
905	1.200003e+01	1.500149e+00	1.500149e+00	5.000000e-01	
906	1.200003e+01	1.500156e+00	1.500156e+00	5.000000e-01	
907	1.200003e+01	1.500170e+00	1.500170e+00	5.000000e-01	
908	1.200003e+01	1.500199e+00	1.500199e+00	5.000000e-01	
909	1.200003e+01	1.500257e+00	1.500257e+00	5.000000e-01	
910	1.200003e+01	1.500372e+00	1.500372e+00	5.000000e-01	
911	1.200003e+01	1.500602e+00	1.500602e+00	5.000000e-01	
912	1.200003e+01	1.501063e+00	1.501063e+00	5.000000e-01	
913	1.200003e+01	1.501985e+00	1.501985e+00	5.000000e-01	
914	1.200003e+01	1.503828e+00	1.503828e+00	5.000000e-01	
915	1.200003e+01	1.507514e+00	1.507514e+00	5.000000e-01	
916	1.200003e+01	1.514887e+00	1.514887e+00	5.000000e-01	
917	1.200003e+01	1.529633e+00	1.529633e+00	5.000000e-01	
918	1.200003e+01	1.559124e+00	1.559124e+00	5.000000e-01	
919	1.200003e+01	1.618106e+00	1.618106e+00	5.000000e-01	
920	1.200003e+01	1.736071e+00	1.736071e+00	5.000000e-01	
921	1.200004e+01	1.972001e+00	1.972001e+00	5.000000e-01	
922	1.200005e+01	2.443860e+00	2.443860e+00	5.000000e-01	
923	1.200005e+01	2.443960e+00	2.443960e+00	5.000000e-01	
924	1.200005e+01	2.443964e+00	2.443964e+00	9.500045e-01	

Index   time            in1             in2             out             
--------------------------------------------------------------------------------
925	1.200005e+01	2.443973e+00	2.443973e+00	1.850005e+00	
926	1.200005e+01	2.443991e+00	2.443991e+00	3.650005e+00	
927	1.200005e+01	2.444005e+00	2.444005e+00	5.000000e+00	
928	1.200005e+01	2.444008e+00	2.444008e+00	5.000000e+00	
929	1.200005e+01	2.444016e+00	2.444016e+00	5.000000e+00	
930	1.200005e+01	2.444030e+00	2.444030e+00	5.000000e+00	
931	1.200005e+01	2.444059e+00	2.444059e+00	5.000000e+00	
932	1.200005e+01	2.444116e+00	2.444116e+00	5.000000e+00	
933	1.200005e+01	2.444232e+00	2.444232e+00	5.000000e+00	
934	1.200005e+01	2.444462e+00	2.444462e+00	5.000000e+00	
935	1.200005e+01	2.444923e+00	2.444923e+00	5.000000e+00	
936	1.200005e+01	2.445844e+00	2.445844e+00	5.000000e+00	
937	1.200005e+01	2.447688e+00	2.447688e+00	5.000000e+00	
938	1.200005e+01	2.451374e+00	2.451374e+00	5.000000e+00	
939	1.200005e+01	2.458747e+00	2.458747e+00	5.000000e+00	
940	1.200005e+01	2.473492e+00	2.473492e+00	5.000000e+00	
941	1.200005e+01	2.502984e+00	2.502984e+00	5.000000e+00	
942	1.200005e+01	2.561966e+00	2.561966e+00	5.000000e+00	
943	1.200005e+01	2.679931e+00	2.679931e+00	5.000000e+00	
944	1.200006e+01	2.915861e+00	2.915861e+00	5.000000e+00	
945	1.200007e+01	3.387720e+00	3.387720e+00	5.000000e+00	
946	1.200009e+01	4.331438e+00	4.331438e+00	5.000000e+00	
947	1.200010e+01	5.000000e+00	5.000000e+00	5.000000e+00	
948	1.200010e+01	5.000000e+00	5.000000e+00	5.000000e+00	
949	1.200011e+01	5.000000e+00	5.000000e+00	5.000000e+00	
950	1.200013e+01	5.000000e+00	5.000000e+00	5.000000e+00	
951	1.200016e+01	5.000000e+00	5.000000e+00	5.000000e+00	
952	1.200022e+01	5.000000e+00	5.000000e+00	5.000000e+00	
953	1.200034e+01	5.000000e+00	5.000000e+00	5.000000e+00	
954	1.200058e+01	5.000000e+00	5.000000e+00	5.000000e+00	
955	1.200106e+01	5.000000e+00	5.000000e+00	5.000000e+00	
956	1.200203e+01	5.000000e+00	5.000000e+00	5.000000e+00	
957	1.200396e+01	5.000000e+00	5.000000e+00	5.000000e+00	
958	1.200783e+01	5.000000e+00	5.000000e+00	5.000000e+00	
959	1.201556e+01	5.000000e+00	5.000000e+00	5.000000e+00	
960	1.203102e+01	5.000000e+00	5.000000e+00	5.000000e+00	
961	1.206194e+01	5.000000e+00	5.000000e+00	5.000000e+00	
962	1.212379e+01	5.000000e+00	5.000000e+00	5.000000e+00	
963	1.224749e+01	5.000000e+00	5.000000e+00	5.000000e+00	
964	1.249488e+01	5.000000e+00	5.000000e+00	5.000000e+00	
965	1.289488e+01	5.000000e+00	5.000000e+00	5.000000e+00	
966	1.300010e+01	5.000000e+00	5.000000e+00	5.000000e+00	
967	1.300011e+01	4.500000e+00	5.000000e+00	5.000000e+00	
968	1.300013e+01	3.500000e+00	5.000000e+00	5.000000e+00	
969	1.300017e+01	1.500000e+00	5.000000e+00	5.000000e+00	
970	1.300017e+01	1.499900e+00	5.000000e+00	5.000000e+00	
971	1.300017e+01	1.499896e+00	5.000000e+00	4.549996e+00	
972	1.300017e+01	1.499887e+00	5.000000e+00	3.649995e+00	
973	1.300017e+01	1.499869e+00	5.000000e+00	1.849995e+00	
974	1.300017e+01	1.499855e+00	5.000000e+00	5.000000e-01	
975	1.300017e+01	1.499851e+00	5.000000e+00	5.000000e-01	
976	1.300017e+01	1.499844e+00	5.000000e+00	5.000000e-01	
977	1.300017e+01	1.499830e+00	5.000000e+00	5.000000e-01	
978	1.300017e+01	1.499801e+00	5.000000e+00	5.000000e-01	
979	1.300017e+01	1.499743e+00	5.000000e+00	5.000000e-01	
980	1.300017e+01	1.499628e+00	5.000000e+00	5.000000e-01	
981	1.300017e+01	1.499398e+00	5.000000e+00	5.000000e-01	
982	1.300017e+01	1.498937e+00	5.000000e+00	5.000000e-01	

Index   time            in1             in2             out             
--------------------------------------------------------------------------------
983	1.300017e+01	1.498015e+00	5.000000e+00	5.000000e-01	
984	1.300017e+01	1.496172e+00	5.000000e+00	5.000000e-01	
985	1.300017e+01	1.492486e+00	5.000000e+00	5.000000e-01	
986	1.300017e+01	1.485113e+00	5.000000e+00	5.000000e-01	
987	1.300017e+01	1.470367e+00	5.000000e+00	5.000000e-01	
988	1.300017e+01	1.440876e+00	5.000000e+00	5.000000e-01	
989	1.300017e+01	1.381894e+00	5.000000e+00	5.000000e-01	
990	1.300017e+01	1.263929e+00	5.000000e+00	5.000000e-01	
991	1.300018e+01	1.027999e+00	5.000000e+00	5.000000e-01	
992	1.300019e+01	5.561401e-01	5.000000e+00	5.000000e-01	
993	1.300019e+01	5.560401e-01	5.000000e+00	5.000000e-01	
994	1.300019e+01	5.560396e-01	5.000000e+00	4.499956e-01	
995	1.300019e+01	5.560386e-01	5.000000e+00	3.499955e-01	
996	1.300019e+01	5.560366e-01	5.000000e+00	1.499955e-01	
997	1.300019e+01	5.560326e-01	5.000000e+00	0.000000e+00	
998	1.300019e+01	5.560246e-01	5.000000e+00	0.000000e+00	
999	1.300019e+01	5.560086e-01	5.000000e+00	0.000000e+00	
1000	1.300019e+01	5.559766e-01	5.000000e+00	0.000000e+00	
1001	1.300019e+01	5.559126e-01	5.000000e+00	0.000000e+00	
1002	1.300019e+01	5.557846e-01	5.000000e+00	0.000000e+00	
1003	1.300019e+01	5.555286e-01	5.000000e+00	0.000000e+00	
1004	1.300019e+01	5.550166e-01	5.000000e+00	0.000000e+00	
1005	1.300019e+01	5.539926e-01	5.000000e+00	0.000000e+00	
1006	1.300019e+01	5.519446e-01	5.000000e+00	0.000000e+00	
1007	1.300019e+01	5.478486e-01	5.000000e+00	0.000000e+00	
1008	1.300019e+01	5.396566e-01	5.000000e+00	0.000000e+00	
1009	1.300019e+01	5.232726e-01	5.000000e+00	0.000000e+00	
1010	1.300019e+01	4.905046e-01	5.000000e+00	0.000000e+00	
1011	1.300019e+01	4.249686e-01	5.000000e+00	0.000000e+00	
1012	1.300019e+01	2.938966e-01	5.000000e+00	0.000000e+00	
1013	1.300020e+01	3.175258e-02	5.000000e+00	0.000000e+00	
1014	1.300020e+01	2.275513e-11	5.000000e+00	0.000000e+00	
1015	1.300020e+01	0.000000e+00	5.000000e+00	0.000000e+00	
1016	1.300020e+01	0.000000e+00	5.000000e+00	0.000000e+00	
1017	1.300021e+01	0.000000e+00	5.000000e+00	0.000000e+00	
1018	1.300022e+01	0.000000e+00	5.000000e+00	0.000000e+00	
1019	1.300023e+01	0.000000e+00	5.000000e+00	0.000000e+00	
1020	1.300027e+01	0.000000e+00	5.000000e+00	0.000000e+00	
1021	1.300033e+01	0.000000e+00	5.000000e+00	0.000000e+00	
1022	1.300047e+01	0.000000e+00	5.000000e+00	0.000000e+00	
1023	1.300074e+01	0.000000e+00	5.000000e+00	0.000000e+00	
1024	1.300127e+01	0.000000e+00	5.000000e+00	0.000000e+00	
1025	1.300235e+01	0.000000e+00	5.000000e+00	0.000000e+00	
1026	1.300449e+01	0.000000e+00	5.000000e+00	0.000000e+00	
1027	1.300879e+01	0.000000e+00	5.000000e+00	0.000000e+00	
1028	1.301738e+01	0.000000e+00	5.000000e+00	0.000000e+00	
1029	1.303456e+01	0.000000e+00	5.000000e+00	0.000000e+00	
1030	1.306892e+01	0.000000e+00	5.000000e+00	0.000000e+00	
1031	1.313764e+01	0.000000e+00	5.000000e+00	0.000000e+00	
1032	1.327508e+01	0.000000e+00	5.000000e+00	0.000000e+00	
1033	1.354995e+01	0.000000e+00	5.000000e+00	0.000000e+00	
1034	1.394995e+01	0.000000e+00	5.000000e+00	0.000000e+00	
1035	1.400000e+01	0.000000e+00	5.000000e+00	0.000000e+00	
1036	1.400001e+01	5.000000e-01	5.000000e+00	0.000000e+00	
1037	1.400003e+01	1.500000e+00	5.000000e+00	0.000000e+00	
1038	1.400003e+01	1.500100e+00	5.000000e+00	0.000000e+00	
1039	1.400003e+01	1.500100e+00	5.000000e+00	5.000445e-02	
1040	1.400003e+01	1.500101e+00	5.000000e+00	1.500045e-01	

Index   time            in1             in2             out             
--------------------------------------------------------------------------------
1041	1.400003e+01	1.500103e+00	5.000000e+00	3.500045e-01	
1042	1.400003e+01	1.500107e+00	5.000000e+00	5.000000e-01	
1043	1.400003e+01	1.500115e+00	5.000000e+00	5.000000e-01	
1044	1.400003e+01	1.500131e+00	5.000000e+00	5.000000e-01	
1045	1.400003e+01	1.500164e+00	5.000000e+00	5.000000e-01	
1046	1.400003e+01	1.500228e+00	5.000000e+00	5.000000e-01	
1047	1.400003e+01	1.500356e+00	5.000000e+00	5.000000e-01	
1048	1.400003e+01	1.500612e+00	5.000000e+00	5.000000e-01	
1049	1.400003e+01	1.501124e+00	5.000000e+00	5.000000e-01	
1050	1.400003e+01	1.502148e+00	5.000000e+00	5.000000e-01	
1051	1.400003e+01	1.504196e+00	5.000000e+00	5.000000e-01	
1052	1.400003e+01	1.508292e+00	5.000000e+00	5.000000e-01	
1053	1.400003e+01	1.516484e+00	5.000000e+00	5.000000e-01	
1054	1.400003e+01	1.532868e+00	5.000000e+00	5.000000e-01	
1055	1.400003e+01	1.565636e+00	5.000000e+00	5.000000e-01	
1056	1.400003e+01	1.631172e+00	5.000000e+00	5.000000e-01	
1057	1.400004e+01	1.762244e+00	5.000000e+00	5.000000e-01	
1058	1.400004e+01	2.024388e+00	5.000000e+00	5.000000e-01	
1059	1.400004e+01	2.024488e+00	5.000000e+00	5.000000e-01	
1060	1.400004e+01	2.024492e+00	5.000000e+00	9.500045e-01	
1061	1.400004e+01	2.024501e+00	5.000000e+00	1.850005e+00	
1062	1.400004e+01	2.024519e+00	5.000000e+00	3.650005e+00	
1063	1.400004e+01	2.024533e+00	5.000000e+00	5.000000e+00	
1064	1.400004e+01	2.024536e+00	5.000000e+00	5.000000e+00	
1065	1.400004e+01	2.024543e+00	5.000000e+00	5.000000e+00	
1066	1.400004e+01	2.024558e+00	5.000000e+00	5.000000e+00	
1067	1.400004e+01	2.024587e+00	5.000000e+00	5.000000e+00	
1068	1.400004e+01	2.024644e+00	5.000000e+00	5.000000e+00	
1069	1.400004e+01	2.024759e+00	5.000000e+00	5.000000e+00	
1070	1.400004e+01	2.024990e+00	5.000000e+00	5.000000e+00	
1071	1.400004e+01	2.025451e+00	5.000000e+00	5.000000e+00	
1072	1.400004e+01	2.026372e+00	5.000000e+00	5.000000e+00	
1073	1.400004e+01	2.028215e+00	5.000000e+00	5.000000e+00	
1074	1.400004e+01	2.031902e+00	5.000000e+00	5.000000e+00	
1075	1.400004e+01	2.039275e+00	5.000000e+00	5.000000e+00	
1076	1.400004e+01	2.054020e+00	5.000000e+00	5.000000e+00	
1077	1.400004e+01	2.083511e+00	5.000000e+00	5.000000e+00	
1078	1.400004e+01	2.142494e+00	5.000000e+00	5.000000e+00	
1079	1.400005e+01	2.260459e+00	5.000000e+00	5.000000e+00	
1080	1.400005e+01	2.496388e+00	5.000000e+00	5.000000e+00	
1081	1.400006e+01	2.968247e+00	5.000000e+00	5.000000e+00	
1082	1.400008e+01	3.911966e+00	5.000000e+00	5.000000e+00	
1083	1.400010e+01	5.000000e+00	5.000000e+00	5.000000e+00	
1084	1.400010e+01	5.000000e+00	4.811256e+00	5.000000e+00	
1085	1.400011e+01	5.000000e+00	4.433769e+00	5.000000e+00	
1086	1.400013e+01	5.000000e+00	3.678794e+00	5.000000e+00	
1087	1.400016e+01	5.000000e+00	2.168845e+00	5.000000e+00	
1088	1.400020e+01	5.000000e+00	3.385736e-11	5.000000e+00	
1089	1.400020e+01	5.000000e+00	0.000000e+00	5.000000e+00	
1090	1.400020e+01	5.000000e+00	0.000000e+00	4.500000e+00	
1091	1.400020e+01	5.000000e+00	0.000000e+00	3.500000e+00	
1092	1.400020e+01	5.000000e+00	0.000000e+00	1.500000e+00	
1093	1.400020e+01	5.000000e+00	0.000000e+00	0.000000e+00	
1094	1.400020e+01	5.000000e+00	0.000000e+00	0.000000e+00	
1095	1.400020e+01	5.000000e+00	0.000000e+00	0.000000e+00	
1096	1.400020e+01	5.000000e+00	0.000000e+00	0.000000e+00	
1097	1.400020e+01	5.000000e+00	0.000000e+00	0.000000e+00	
1098	1.400020e+01	5.000000e+00	0.000000e+00	0.000000e+00	

Index   time            in1             in2             out             
--------------------------------------------------------------------------------
1099	1.400020e+01	5.000000e+00	0.000000e+00	0.000000e+00	
1100	1.400020e+01	5.000000e+00	0.000000e+00	0.000000e+00	
1101	1.400020e+01	5.000000e+00	0.000000e+00	0.000000e+00	
1102	1.400020e+01	5.000000e+00	0.000000e+00	0.000000e+00	
1103	1.400020e+01	5.000000e+00	0.000000e+00	0.000000e+00	
1104	1.400020e+01	5.000000e+00	0.000000e+00	0.000000e+00	
1105	1.400020e+01	5.000000e+00	0.000000e+00	0.000000e+00	
1106	1.400020e+01	5.000000e+00	0.000000e+00	0.000000e+00	
1107	1.400020e+01	5.000000e+00	0.000000e+00	0.000000e+00	
1108	1.400020e+01	5.000000e+00	0.000000e+00	0.000000e+00	
1109	1.400021e+01	5.000000e+00	0.000000e+00	0.000000e+00	
1110	1.400021e+01	5.000000e+00	0.000000e+00	0.000000e+00	
1111	1.400022e+01	5.000000e+00	0.000000e+00	0.000000e+00	
1112	1.400024e+01	5.000000e+00	0.000000e+00	0.000000e+00	
1113	1.400028e+01	5.000000e+00	0.000000e+00	0.000000e+00	
1114	1.400037e+01	5.000000e+00	0.000000e+00	0.000000e+00	
1115	1.400054e+01	5.000000e+00	0.000000e+00	0.000000e+00	
1116	1.400087e+01	5.000000e+00	0.000000e+00	0.000000e+00	
1117	1.400154e+01	5.000000e+00	0.000000e+00	0.000000e+00	
1118	1.400288e+01	5.000000e+00	0.000000e+00	0.000000e+00	
1119	1.400557e+01	5.000000e+00	0.000000e+00	0.000000e+00	
1120	1.401094e+01	5.000000e+00	0.000000e+00	0.000000e+00	
1121	1.402167e+01	5.000000e+00	0.000000e+00	0.000000e+00	
1122	1.404315e+01	5.000000e+00	0.000000e+00	0.000000e+00	
1123	1.408610e+01	5.000000e+00	0.000000e+00	0.000000e+00	
1124	1.417200e+01	5.000000e+00	0.000000e+00	0.000000e+00	
1125	1.434380e+01	5.000000e+00	0.000000e+00	0.000000e+00	
1126	1.468739e+01	5.000000e+00	0.000000e+00	0.000000e+00	
1127	1.500010e+01	5.000000e+00	0.000000e+00	0.000000e+00	
1128	1.500011e+01	4.500000e+00	0.000000e+00	0.000000e+00	
1129	1.500013e+01	3.500000e+00	0.000000e+00	0.000000e+00	
1130	1.500017e+01	1.500000e+00	0.000000e+00	0.000000e+00	
1131	1.500017e+01	1.499900e+00	0.000000e+00	0.000000e+00	
1132	1.500017e+01	1.499900e+00	0.000000e+00	5.000445e-02	
1133	1.500017e+01	1.499899e+00	0.000000e+00	1.500045e-01	
1134	1.500017e+01	1.499897e+00	0.000000e+00	3.500045e-01	
1135	1.500017e+01	1.499893e+00	0.000000e+00	5.000000e-01	
1136	1.500017e+01	1.499885e+00	0.000000e+00	5.000000e-01	
1137	1.500017e+01	1.499869e+00	0.000000e+00	5.000000e-01	
1138	1.500017e+01	1.499837e+00	0.000000e+00	5.000000e-01	
1139	1.500017e+01	1.499773e+00	0.000000e+00	5.000000e-01	
1140	1.500017e+01	1.499645e+00	0.000000e+00	5.000000e-01	
1141	1.500017e+01	1.499389e+00	0.000000e+00	5.000000e-01	
1142	1.500017e+01	1.498877e+00	0.000000e+00	5.000000e-01	
1143	1.500017e+01	1.497852e+00	0.000000e+00	5.000000e-01	
1144	1.500017e+01	1.495804e+00	0.000000e+00	5.000000e-01	
1145	1.500017e+01	1.491708e+00	0.000000e+00	5.000000e-01	
1146	1.500017e+01	1.483516e+00	0.000000e+00	5.000000e-01	
1147	1.500017e+01	1.467132e+00	0.000000e+00	5.000000e-01	
1148	1.500017e+01	1.434364e+00	0.000000e+00	5.000000e-01	
1149	1.500017e+01	1.368828e+00	0.000000e+00	5.000000e-01	
1150	1.500018e+01	1.237756e+00	0.000000e+00	5.000000e-01	
1151	1.500018e+01	9.756125e-01	0.000000e+00	5.000000e-01	
1152	1.500018e+01	9.755125e-01	0.000000e+00	5.000000e-01	
1153	1.500018e+01	9.755080e-01	0.000000e+00	9.500045e-01	
1154	1.500018e+01	9.754990e-01	0.000000e+00	1.850005e+00	
1155	1.500018e+01	9.754810e-01	0.000000e+00	3.650005e+00	
1156	1.500018e+01	9.754675e-01	0.000000e+00	5.000000e+00	

Index   time            in1             in2             out             
--------------------------------------------------------------------------------
1157	1.500018e+01	9.754639e-01	0.000000e+00	5.000000e+00	
1158	1.500018e+01	9.754567e-01	0.000000e+00	5.000000e+00	
1159	1.500018e+01	9.754423e-01	0.000000e+00	5.000000e+00	
1160	1.500018e+01	9.754135e-01	0.000000e+00	5.000000e+00	
1161	1.500018e+01	9.753559e-01	0.000000e+00	5.000000e+00	
1162	1.500018e+01	9.752407e-01	0.000000e+00	5.000000e+00	
1163	1.500018e+01	9.750103e-01	0.000000e+00	5.000000e+00	
1164	1.500018e+01	9.745495e-01	0.000000e+00	5.000000e+00	
1165	1.500018e+01	9.736279e-01	0.000000e+00	5.000000e+00	
1166	1.500018e+01	9.717847e-01	0.000000e+00	5.000000e+00	
1167	1.500018e+01	9.680983e-01	0.000000e+00	5.000000e+00	
1168	1.500018e+01	9.607255e-01	0.000000e+00	5.000000e+00	
1169	1.500018e+01	9.459799e-01	0.000000e+00	5.000000e+00	
1170	1.500018e+01	9.164887e-01	0.000000e+00	5.000000e+00	
1171	1.500018e+01	8.575062e-01	0.000000e+00	5.000000e+00	
1172	1.500019e+01	7.395414e-01	0.000000e+00	5.000000e+00	
1173	1.500019e+01	5.036118e-01	0.000000e+00	5.000000e+00	
1174	1.500020e+01	3.175258e-02	0.000000e+00	5.000000e+00	
1175	1.500020e+01	2.275513e-11	0.000000e+00	5.000000e+00	
1176	1.500020e+01	0.000000e+00	0.000000e+00	5.000000e+00	
1177	1.500020e+01	0.000000e+00	0.000000e+00	5.000000e+00	
1178	1.500021e+01	0.000000e+00	0.000000e+00	5.000000e+00	
1179	1.500022e+01	0.000000e+00	0.000000e+00	5.000000e+00	
1180	1.500024e+01	0.000000e+00	0.000000e+00	5.000000e+00	
1181	1.500028e+01	0.000000e+00	0.000000e+00	5.000000e+00	
1182	1.500036e+01	0.000000e+00	0.000000e+00	5.000000e+00	
1183	1.500052e+01	0.000000e+00	0.000000e+00	5.000000e+00	
1184	1.500085e+01	0.000000e+00	0.000000e+00	5.000000e+00	
1185	1.500150e+01	0.000000e+00	0.000000e+00	5.000000e+00	
1186	1.500280e+01	0.000000e+00	0.000000e+00	5.000000e+00	
1187	1.500540e+01	0.000000e+00	0.000000e+00	5.000000e+00	
1188	1.501060e+01	0.000000e+00	0.000000e+00	5.000000e+00	
1189	1.502101e+01	0.000000e+00	0.000000e+00	5.000000e+00	
1190	1.504182e+01	0.000000e+00	0.000000e+00	5.000000e+00	
1191	1.508344e+01	0.000000e+00	0.000000e+00	5.000000e+00	
1192	1.516667e+01	0.000000e+00	0.000000e+00	5.000000e+00	
1193	1.533315e+01	0.000000e+00	0.000000e+00	5.000000e+00	
1194	1.566610e+01	0.000000e+00	0.000000e+00	5.000000e+00	
1195	1.600000e+01	0.000000e+00	0.000000e+00	5.000000e+00	
1196	1.600001e+01	5.000000e-01	5.000000e-01	5.000000e+00	
1197	1.600003e+01	1.500000e+00	1.500000e+00	5.000000e+00	
1198	1.600003e+01	1.500100e+00	1.500100e+00	5.000000e+00	
1199	1.600003e+01	1.500104e+00	1.500104e+00	4.549996e+00	
1200	1.600003e+01	1.500113e+00	1.500113e+00	3.650004e+00	
1201	1.600003e+01	1.500131e+00	1.500131e+00	1.850004e+00	
1202	1.600003e+01	1.500145e+00	1.500145e+00	5.000085e-01	
1203	1.600003e+01	1.500149e+00	1.500149e+00	5.000000e-01	
1204	1.600003e+01	1.500156e+00	1.500156e+00	5.000000e-01	
1205	1.600003e+01	1.500170e+00	1.500170e+00	5.000000e-01	
1206	1.600003e+01	1.500199e+00	1.500199e+00	5.000000e-01	
1207	1.600003e+01	1.500257e+00	1.500257e+00	5.000000e-01	
1208	1.600003e+01	1.500372e+00	1.500372e+00	5.000000e-01	
1209	1.600003e+01	1.500602e+00	1.500602e+00	5.000000e-01	
1210	1.600003e+01	1.501063e+00	1.501063e+00	5.000000e-01	
1211	1.600003e+01	1.501985e+00	1.501985e+00	5.000000e-01	
1212	1.600003e+01	1.503828e+00	1.503828e+00	5.000000e-01	
1213	1.600003e+01	1.507514e+00	1.507514e+00	5.000000e-01	
1214	1.600003e+01	1.514887e+00	1.514887e+00	5.000000e-01	

Index   time            in1             in2             out             
--------------------------------------------------------------------------------
1215	1.600003e+01	1.529633e+00	1.529633e+00	5.000000e-01	
1216	1.600003e+01	1.559124e+00	1.559124e+00	5.000000e-01	
1217	1.600003e+01	1.618106e+00	1.618106e+00	5.000000e-01	
1218	1.600003e+01	1.736071e+00	1.736071e+00	5.000000e-01	
1219	1.600004e+01	1.972000e+00	1.972000e+00	5.000000e-01	
1220	1.600005e+01	2.443858e+00	2.443858e+00	5.000000e-01	
1221	1.600005e+01	2.443958e+00	2.443958e+00	5.000000e-01	
1222	1.600005e+01	2.443963e+00	2.443963e+00	9.500045e-01	
1223	1.600005e+01	2.443972e+00	2.443972e+00	1.849996e+00	
1224	1.600005e+01	2.443990e+00	2.443990e+00	3.649996e+00	
1225	1.600005e+01	2.444003e+00	2.444003e+00	4.999991e+00	
1226	1.600005e+01	2.444007e+00	2.444007e+00	5.000000e+00	
1227	1.600005e+01	2.444014e+00	2.444014e+00	5.000000e+00	
1228	1.600005e+01	2.444028e+00	2.444028e+00	5.000000e+00	
1229	1.600005e+01	2.444057e+00	2.444057e+00	5.000000e+00	
1230	1.600005e+01	2.444115e+00	2.444115e+00	5.000000e+00	
1231	1.600005e+01	2.444230e+00	2.444230e+00	5.000000e+00	
1232	1.600005e+01	2.444460e+00	2.444460e+00	5.000000e+00	
1233	1.600005e+01	2.444921e+00	2.444921e+00	5.000000e+00	
1234	1.600005e+01	2.445843e+00	2.445843e+00	5.000000e+00	
1235	1.600005e+01	2.447686e+00	2.447686e+00	5.000000e+00	
1236	1.600005e+01	2.451372e+00	2.451372e+00	5.000000e+00	
1237	1.600005e+01	2.458745e+00	2.458745e+00	5.000000e+00	
1238	1.600005e+01	2.473491e+00	2.473491e+00	5.000000e+00	
1239	1.600005e+01	2.502982e+00	2.502982e+00	5.000000e+00	
1240	1.600005e+01	2.561964e+00	2.561964e+00	5.000000e+00	
1241	1.600005e+01	2.679929e+00	2.679929e+00	5.000000e+00	
1242	1.600006e+01	2.915858e+00	2.915858e+00	5.000000e+00	
1243	1.600007e+01	3.387716e+00	3.387716e+00	5.000000e+00	
1244	1.600009e+01	4.331433e+00	4.331433e+00	5.000000e+00	
1245	1.600010e+01	5.000000e+00	5.000000e+00	5.000000e+00	
1246	1.600010e+01	5.000000e+00	5.000000e+00	5.000000e+00	
1247	1.600011e+01	5.000000e+00	5.000000e+00	5.000000e+00	
1248	1.600013e+01	5.000000e+00	5.000000e+00	5.000000e+00	
1249	1.600016e+01	5.000000e+00	5.000000e+00	5.000000e+00	
1250	1.600022e+01	5.000000e+00	5.000000e+00	5.000000e+00	
1251	1.600034e+01	5.000000e+00	5.000000e+00	5.000000e+00	
1252	1.600058e+01	5.000000e+00	5.000000e+00	5.000000e+00	
1253	1.600106e+01	5.000000e+00	5.000000e+00	5.000000e+00	
1254	1.600203e+01	5.000000e+00	5.000000e+00	5.000000e+00	
1255	1.600396e+01	5.000000e+00	5.000000e+00	5.000000e+00	
1256	1.600783e+01	5.000000e+00	5.000000e+00	5.000000e+00	
1257	1.601556e+01	5.000000e+00	5.000000e+00	5.000000e+00	
1258	1.603102e+01	5.000000e+00	5.000000e+00	5.000000e+00	
1259	1.606194e+01	5.000000e+00	5.000000e+00	5.000000e+00	
1260	1.612379e+01	5.000000e+00	5.000000e+00	5.000000e+00	
1261	1.624749e+01	5.000000e+00	5.000000e+00	5.000000e+00	
1262	1.649488e+01	5.000000e+00	5.000000e+00	5.000000e+00	
1263	1.689488e+01	5.000000e+00	5.000000e+00	5.000000e+00	
1264	1.700010e+01	5.000000e+00	5.000000e+00	5.000000e+00	
1265	1.700011e+01	4.500000e+00	5.000000e+00	5.000000e+00	
1266	1.700013e+01	3.500000e+00	5.000000e+00	5.000000e+00	
1267	1.700017e+01	1.500000e+00	5.000000e+00	5.000000e+00	
1268	1.700017e+01	1.499900e+00	5.000000e+00	5.000000e+00	
1269	1.700017e+01	1.499896e+00	5.000000e+00	4.549996e+00	
1270	1.700017e+01	1.499887e+00	5.000000e+00	3.650004e+00	
1271	1.700017e+01	1.499869e+00	5.000000e+00	1.850004e+00	
1272	1.700017e+01	1.499855e+00	5.000000e+00	5.000085e-01	

Index   time            in1             in2             out             
--------------------------------------------------------------------------------
1273	1.700017e+01	1.499851e+00	5.000000e+00	5.000000e-01	
1274	1.700017e+01	1.499844e+00	5.000000e+00	5.000000e-01	
1275	1.700017e+01	1.499830e+00	5.000000e+00	5.000000e-01	
1276	1.700017e+01	1.499801e+00	5.000000e+00	5.000000e-01	
1277	1.700017e+01	1.499743e+00	5.000000e+00	5.000000e-01	
1278	1.700017e+01	1.499628e+00	5.000000e+00	5.000000e-01	
1279	1.700017e+01	1.499398e+00	5.000000e+00	5.000000e-01	
1280	1.700017e+01	1.498937e+00	5.000000e+00	5.000000e-01	
1281	1.700017e+01	1.498015e+00	5.000000e+00	5.000000e-01	
1282	1.700017e+01	1.496172e+00	5.000000e+00	5.000000e-01	
1283	1.700017e+01	1.492486e+00	5.000000e+00	5.000000e-01	
1284	1.700017e+01	1.485113e+00	5.000000e+00	5.000000e-01	
1285	1.700017e+01	1.470367e+00	5.000000e+00	5.000000e-01	
1286	1.700017e+01	1.440876e+00	5.000000e+00	5.000000e-01	
1287	1.700017e+01	1.381894e+00	5.000000e+00	5.000000e-01	
1288	1.700017e+01	1.263929e+00	5.000000e+00	5.000000e-01	
1289	1.700018e+01	1.028000e+00	5.000000e+00	5.000000e-01	
1290	1.700019e+01	5.561420e-01	5.000000e+00	5.000000e-01	
1291	1.700019e+01	5.560420e-01	5.000000e+00	5.000000e-01	
1292	1.700019e+01	5.560415e-01	5.000000e+00	4.499956e-01	
1293	1.700019e+01	5.560405e-01	5.000000e+00	3.500044e-01	
1294	1.700019e+01	5.560385e-01	5.000000e+00	1.500044e-01	
1295	1.700019e+01	5.560345e-01	5.000000e+00	0.000000e+00	
1296	1.700019e+01	5.560265e-01	5.000000e+00	0.000000e+00	
1297	1.700019e+01	5.560105e-01	5.000000e+00	0.000000e+00	
1298	1.700019e+01	5.559785e-01	5.000000e+00	0.000000e+00	
1299	1.700019e+01	5.559145e-01	5.000000e+00	0.000000e+00	
1300	1.700019e+01	5.557865e-01	5.000000e+00	0.000000e+00	
1301	1.700019e+01	5.555305e-01	5.000000e+00	0.000000e+00	
1302	1.700019e+01	5.550185e-01	5.000000e+00	0.000000e+00	
1303	1.700019e+01	5.539945e-01	5.000000e+00	0.000000e+00	
1304	1.700019e+01	5.519466e-01	5.000000e+00	0.000000e+00	
1305	1.700019e+01	5.478506e-01	5.000000e+00	0.000000e+00	
1306	1.700019e+01	5.396588e-01	5.000000e+00	0.000000e+00	
1307	1.700019e+01	5.232751e-01	5.000000e+00	0.000000e+00	
1308	1.700019e+01	4.905076e-01	5.000000e+00	0.000000e+00	
1309	1.700019e+01	4.249728e-01	5.000000e+00	0.000000e+00	
1310	1.700019e+01	2.939031e-01	5.000000e+00	0.000000e+00	
1311	1.700020e+01	3.176375e-02	5.000000e+00	0.000000e+00	
1312	1.700020e+01	2.275513e-11	5.000000e+00	0.000000e+00	
1313	1.700020e+01	0.000000e+00	5.000000e+00	0.000000e+00	
1314	1.700020e+01	0.000000e+00	5.000000e+00	0.000000e+00	
1315	1.700021e+01	0.000000e+00	5.000000e+00	0.000000e+00	
1316	1.700022e+01	0.000000e+00	5.000000e+00	0.000000e+00	
1317	1.700023e+01	0.000000e+00	5.000000e+00	0.000000e+00	
1318	1.700027e+01	0.000000e+00	5.000000e+00	0.000000e+00	
1319	1.700033e+01	0.000000e+00	5.000000e+00	0.000000e+00	
1320	1.700047e+01	0.000000e+00	5.000000e+00	0.000000e+00	
1321	1.700074e+01	0.000000e+00	5.000000e+00	0.000000e+00	
1322	1.700127e+01	0.000000e+00	5.000000e+00	0.000000e+00	
1323	1.700235e+01	0.000000e+00	5.000000e+00	0.000000e+00	
1324	1.700449e+01	0.000000e+00	5.000000e+00	0.000000e+00	
1325	1.700879e+01	0.000000e+00	5.000000e+00	0.000000e+00	
1326	1.701738e+01	0.000000e+00	5.000000e+00	0.000000e+00	
1327	1.703456e+01	0.000000e+00	5.000000e+00	0.000000e+00	
1328	1.706892e+01	0.000000e+00	5.000000e+00	0.000000e+00	
1329	1.713764e+01	0.000000e+00	5.000000e+00	0.000000e+00	
1330	1.727507e+01	0.000000e+00	5.000000e+00	0.000000e+00	

Index   time            in1             in2             out             
--------------------------------------------------------------------------------
1331	1.754995e+01	0.000000e+00	5.000000e+00	0.000000e+00	
1332	1.794995e+01	0.000000e+00	5.000000e+00	0.000000e+00	
1333	1.800000e+01	0.000000e+00	5.000000e+00	0.000000e+00	
1334	1.800001e+01	5.000000e-01	5.000000e+00	0.000000e+00	
1335	1.800003e+01	1.500000e+00	5.000000e+00	0.000000e+00	
1336	1.800003e+01	1.500100e+00	5.000000e+00	0.000000e+00	
1337	1.800003e+01	1.500100e+00	5.000000e+00	5.000445e-02	
1338	1.800003e+01	1.500101e+00	5.000000e+00	1.499956e-01	
1339	1.800003e+01	1.500103e+00	5.000000e+00	3.499956e-01	
1340	1.800003e+01	1.500107e+00	5.000000e+00	5.000000e-01	
1341	1.800003e+01	1.500115e+00	5.000000e+00	5.000000e-01	
1342	1.800003e+01	1.500131e+00	5.000000e+00	5.000000e-01	
1343	1.800003e+01	1.500163e+00	5.000000e+00	5.000000e-01	
1344	1.800003e+01	1.500227e+00	5.000000e+00	5.000000e-01	
1345	1.800003e+01	1.500355e+00	5.000000e+00	5.000000e-01	
1346	1.800003e+01	1.500611e+00	5.000000e+00	5.000000e-01	
1347	1.800003e+01	1.501123e+00	5.000000e+00	5.000000e-01	
1348	1.800003e+01	1.502147e+00	5.000000e+00	5.000000e-01	
1349	1.800003e+01	1.504195e+00	5.000000e+00	5.000000e-01	
1350	1.800003e+01	1.508291e+00	5.000000e+00	5.000000e-01	
1351	1.800003e+01	1.516483e+00	5.000000e+00	5.000000e-01	
1352	1.800003e+01	1.532867e+00	5.000000e+00	5.000000e-01	
1353	1.800003e+01	1.565634e+00	5.000000e+00	5.000000e-01	
1354	1.800003e+01	1.631169e+00	5.000000e+00	5.000000e-01	
1355	1.800004e+01	1.762239e+00	5.000000e+00	5.000000e-01	
1356	1.800004e+01	2.024378e+00	5.000000e+00	5.000000e-01	
1357	1.800004e+01	2.024478e+00	5.000000e+00	5.000000e-01	
1358	1.800004e+01	2.024483e+00	5.000000e+00	9.500045e-01	
1359	1.800004e+01	2.024492e+00	5.000000e+00	1.849996e+00	
1360	1.800004e+01	2.024510e+00	5.000000e+00	3.649996e+00	
1361	1.800004e+01	2.024523e+00	5.000000e+00	4.999991e+00	
1362	1.800004e+01	2.024527e+00	5.000000e+00	5.000000e+00	
1363	1.800004e+01	2.024534e+00	5.000000e+00	5.000000e+00	
1364	1.800004e+01	2.024548e+00	5.000000e+00	5.000000e+00	
1365	1.800004e+01	2.024577e+00	5.000000e+00	5.000000e+00	
1366	1.800004e+01	2.024635e+00	5.000000e+00	5.000000e+00	
1367	1.800004e+01	2.024750e+00	5.000000e+00	5.000000e+00	
1368	1.800004e+01	2.024980e+00	5.000000e+00	5.000000e+00	
1369	1.800004e+01	2.025441e+00	5.000000e+00	5.000000e+00	
1370	1.800004e+01	2.026363e+00	5.000000e+00	5.000000e+00	
1371	1.800004e+01	2.028206e+00	5.000000e+00	5.000000e+00	
1372	1.800004e+01	2.031892e+00	5.000000e+00	5.000000e+00	
1373	1.800004e+01	2.039265e+00	5.000000e+00	5.000000e+00	
1374	1.800004e+01	2.054011e+00	5.000000e+00	5.000000e+00	
1375	1.800004e+01	2.083502e+00	5.000000e+00	5.000000e+00	
1376	1.800004e+01	2.142484e+00	5.000000e+00	5.000000e+00	
1377	1.800005e+01	2.260449e+00	5.000000e+00	5.000000e+00	
1378	1.800005e+01	2.496378e+00	5.000000e+00	5.000000e+00	
1379	1.800006e+01	2.968236e+00	5.000000e+00	5.000000e+00	
1380	1.800008e+01	3.911953e+00	5.000000e+00	5.000000e+00	
1381	1.800010e+01	5.000000e+00	5.000000e+00	5.000000e+00	
1382	1.800010e+01	5.000000e+00	4.811257e+00	5.000000e+00	
1383	1.800011e+01	5.000000e+00	4.433770e+00	5.000000e+00	
1384	1.800013e+01	5.000000e+00	3.678797e+00	5.000000e+00	
1385	1.800016e+01	5.000000e+00	2.168850e+00	5.000000e+00	
1386	1.800020e+01	5.000000e+00	3.385736e-11	5.000000e+00	
1387	1.800020e+01	5.000000e+00	0.000000e+00	5.000000e+00	
1388	1.800020e+01	5.000000e+00	0.000000e+00	4.499991e+00	

Index   time            in1             in2             out             
--------------------------------------------------------------------------------
1389	1.800020e+01	5.000000e+00	0.000000e+00	3.499991e+00	
1390	1.800020e+01	5.000000e+00	0.000000e+00	1.499991e+00	
1391	1.800020e+01	5.000000e+00	0.000000e+00	0.000000e+00	
1392	1.800020e+01	5.000000e+00	0.000000e+00	0.000000e+00	
1393	1.800020e+01	5.000000e+00	0.000000e+00	0.000000e+00	
1394	1.800020e+01	5.000000e+00	0.000000e+00	0.000000e+00	
1395	1.800020e+01	5.000000e+00	0.000000e+00	0.000000e+00	
1396	1.800020e+01	5.000000e+00	0.000000e+00	0.000000e+00	
1397	1.800020e+01	5.000000e+00	0.000000e+00	0.000000e+00	
1398	1.800020e+01	5.000000e+00	0.000000e+00	0.000000e+00	
1399	1.800020e+01	5.000000e+00	0.000000e+00	0.000000e+00	
1400	1.800020e+01	5.000000e+00	0.000000e+00	0.000000e+00	
1401	1.800020e+01	5.000000e+00	0.000000e+00	0.000000e+00	
1402	1.800020e+01	5.000000e+00	0.000000e+00	0.000000e+00	
1403	1.800020e+01	5.000000e+00	0.000000e+00	0.000000e+00	
1404	1.800020e+01	5.000000e+00	0.000000e+00	0.000000e+00	
1405	1.800020e+01	5.000000e+00	0.000000e+00	0.000000e+00	
1406	1.800020e+01	5.000000e+00	0.000000e+00	0.000000e+00	
1407	1.800021e+01	5.000000e+00	0.000000e+00	0.000000e+00	
1408	1.800021e+01	5.000000e+00	0.000000e+00	0.000000e+00	
1409	1.800022e+01	5.000000e+00	0.000000e+00	0.000000e+00	
1410	1.800024e+01	5.000000e+00	0.000000e+00	0.000000e+00	
1411	1.800028e+01	5.000000e+00	0.000000e+00	0.000000e+00	
1412	1.800037e+01	5.000000e+00	0.000000e+00	0.000000e+00	
1413	1.800054e+01	5.000000e+00	0.000000e+00	0.000000e+00	
1414	1.800087e+01	5.000000e+00	0.000000e+00	0.000000e+00	
1415	1.800154e+01	5.000000e+00	0.000000e+00	0.000000e+00	
1416	1.800288e+01	5.000000e+00	0.000000e+00	0.000000e+00	
1417	1.800557e+01	5.000000e+00	0.000000e+00	0.000000e+00	
1418	1.801094e+01	5.000000e+00	0.000000e+00	0.000000e+00	
1419	1.802167e+01	5.000000e+00	0.000000e+00	0.000000e+00	
1420	1.804315e+01	5.000000e+00	0.000000e+00	0.000000e+00	
1421	1.808610e+01	5.000000e+00	0.000000e+00	0.000000e+00	
1422	1.817200e+01	5.000000e+00	0.000000e+00	0.000000e+00	
1423	1.834380e+01	5.000000e+00	0.000000e+00	0.000000e+00	
1424	1.868739e+01	5.000000e+00	0.000000e+00	0.000000e+00	
1425	1.900010e+01	5.000000e+00	0.000000e+00	0.000000e+00	
1426	1.900011e+01	4.500000e+00	0.000000e+00	0.000000e+00	
1427	1.900013e+01	3.500000e+00	0.000000e+00	0.000000e+00	
1428	1.900017e+01	1.500000e+00	0.000000e+00	0.000000e+00	
1429	1.900017e+01	1.499900e+00	0.000000e+00	0.000000e+00	
1430	1.900017e+01	1.499900e+00	0.000000e+00	5.000445e-02	
1431	1.900017e+01	1.499899e+00	0.000000e+00	1.499956e-01	
1432	1.900017e+01	1.499897e+00	0.000000e+00	3.499956e-01	
1433	1.900017e+01	1.499893e+00	0.000000e+00	5.000000e-01	
1434	1.900017e+01	1.499885e+00	0.000000e+00	5.000000e-01	
1435	1.900017e+01	1.499869e+00	0.000000e+00	5.000000e-01	
1436	1.900017e+01	1.499837e+00	0.000000e+00	5.000000e-01	
1437	1.900017e+01	1.499773e+00	0.000000e+00	5.000000e-01	
1438	1.900017e+01	1.499645e+00	0.000000e+00	5.000000e-01	
1439	1.900017e+01	1.499389e+00	0.000000e+00	5.000000e-01	
1440	1.900017e+01	1.498877e+00	0.000000e+00	5.000000e-01	
1441	1.900017e+01	1.497853e+00	0.000000e+00	5.000000e-01	
1442	1.900017e+01	1.495805e+00	0.000000e+00	5.000000e-01	
1443	1.900017e+01	1.491709e+00	0.000000e+00	5.000000e-01	
1444	1.900017e+01	1.483517e+00	0.000000e+00	5.000000e-01	
1445	1.900017e+01	1.467133e+00	0.000000e+00	5.000000e-01	
1446	1.900017e+01	1.434366e+00	0.000000e+00	5.000000e-01	

Index   time            in1             in2             out             
--------------------------------------------------------------------------------
1447	1.900017e+01	1.368831e+00	0.000000e+00	5.000000e-01	
1448	1.900018e+01	1.237761e+00	0.000000e+00	5.000000e-01	
1449	1.900018e+01	9.756218e-01	0.000000e+00	5.000000e-01	
1450	1.900018e+01	9.755218e-01	0.000000e+00	5.000000e-01	
1451	1.900018e+01	9.755173e-01	0.000000e+00	9.500045e-01	
1452	1.900018e+01	9.755083e-01	0.000000e+00	1.849996e+00	
1453	1.900018e+01	9.754903e-01	0.000000e+00	3.649996e+00	
1454	1.900018e+01	9.754768e-01	0.000000e+00	4.999991e+00	
1455	1.900018e+01	9.754732e-01	0.000000e+00	5.000000e+00	
1456	1.900018e+01	9.754660e-01	0.000000e+00	5.000000e+00	
1457	1.900018e+01	9.754516e-01	0.000000e+00	5.000000e+00	
1458	1.900018e+01	9.754228e-01	0.000000e+00	5.000000e+00	
1459	1.900018e+01	9.753652e-01	0.000000e+00	5.000000e+00	
1460	1.900018e+01	9.752500e-01	0.000000e+00	5.000000e+00	
1461	1.900018e+01	9.750196e-01	0.000000e+00	5.000000e+00	
1462	1.900018e+01	9.745588e-01	0.000000e+00	5.000000e+00	
1463	1.900018e+01	9.736372e-01	0.000000e+00	5.000000e+00	
1464	1.900018e+01	9.717940e-01	0.000000e+00	5.000000e+00	
1465	1.900018e+01	9.681076e-01	0.000000e+00	5.000000e+00	
1466	1.900018e+01	9.607348e-01	0.000000e+00	5.000000e+00	
1467	1.900018e+01	9.459892e-01	0.000000e+00	5.000000e+00	
1468	1.900018e+01	9.164981e-01	0.000000e+00	5.000000e+00	
1469	1.900018e+01	8.575158e-01	0.000000e+00	5.000000e+00	
1470	1.900019e+01	7.395512e-01	0.000000e+00	5.000000e+00	
1471	1.900019e+01	5.036221e-01	0.000000e+00	5.000000e+00	
1472	1.900020e+01	3.176375e-02	0.000000e+00	5.000000e+00	
1473	1.900020e+01	2.275513e-11	0.000000e+00	5.000000e+00	
1474	1.900020e+01	0.000000e+00	0.000000e+00	5.000000e+00	
1475	1.900020e+01	0.000000e+00	0.000000e+00	5.000000e+00	
1476	1.900021e+01	0.000000e+00	0.000000e+00	5.000000e+00	
1477	1.900022e+01	0.000000e+00	0.000000e+00	5.000000e+00	
1478	1.900024e+01	0.000000e+00	0.000000e+00	5.000000e+00	
1479	1.900028e+01	0.000000e+00	0.000000e+00	5.000000e+00	
1480	1.900036e+01	0.000000e+00	0.000000e+00	5.000000e+00	
1481	1.900052e+01	0.000000e+00	0.000000e+00	5.000000e+00	
1482	1.900085e+01	0.000000e+00	0.000000e+00	5.000000e+00	
1483	1.900150e+01	0.000000e+00	0.000000e+00	5.000000e+00	
1484	1.900280e+01	0.000000e+00	0.000000e+00	5.000000e+00	
1485	1.900540e+01	0.000000e+00	0.000000e+00	5.000000e+00	
1486	1.901061e+01	0.000000e+00	0.000000e+00	5.000000e+00	
1487	1.902102e+01	0.000000e+00	0.000000e+00	5.000000e+00	
1488	1.904183e+01	0.000000e+00	0.000000e+00	5.000000e+00	
1489	1.908347e+01	0.000000e+00	0.000000e+00	5.000000e+00	
1490	1.916673e+01	0.000000e+00	0.000000e+00	5.000000e+00	
1491	1.933327e+01	0.000000e+00	0.000000e+00	5.000000e+00	
1492	1.966633e+01	0.000000e+00	0.000000e+00	5.000000e+00	
1493	2.000000e+01	0.000000e+00	0.000000e+00	5.000000e+00	
