    * /home/saurabh/desktop/esim/examples/differentiator/differentiator.cir
    Transient Analysis  Fri Aug 27 15:21:30  2021
--------------------------------------------------------------------------------
Index   time            ?               in              net-_c1-pad1_   
--------------------------------------------------------------------------------
0	0.000000e+00	-1.49916e+01	0.000000e+00	8.893278e-04	
1	5.000000e-06	-1.49916e+01	5.000000e-02	9.395443e-04	
2	5.362480e-06	-1.49916e+01	5.362480e-02	9.415761e-04	
3	6.087439e-06	-1.49916e+01	6.087439e-02	9.432302e-04	
4	7.537359e-06	-1.49916e+01	7.537359e-02	9.431801e-04	
5	1.043720e-05	-1.49916e+01	1.043720e-01	9.430669e-04	
6	1.623687e-05	-1.49916e+01	1.623687e-01	9.428010e-04	
7	2.783623e-05	-1.49916e+01	2.783623e-01	9.421312e-04	
8	5.103494e-05	-1.49916e+01	5.103494e-01	9.403070e-04	
9	9.743235e-05	-1.49916e+01	9.743235e-01	9.355914e-04	
10	1.902272e-04	-1.49916e+01	1.902272e+00	9.262668e-04	
11	3.758169e-04	-1.49916e+01	3.758169e+00	9.166879e-04	
12	5.000000e-04	-1.49916e+01	5.000000e+00	9.141438e-04	
13	5.371179e-04	-1.49916e+01	5.000000e+00	8.819227e-04	
14	6.113538e-04	-1.49916e+01	5.000000e+00	8.816328e-04	
15	7.598255e-04	-1.49916e+01	5.000000e+00	8.827493e-04	
16	1.056769e-03	-1.49916e+01	5.000000e+00	8.831012e-04	
17	1.650656e-03	-1.49916e+01	5.000000e+00	8.852971e-04	
18	2.650656e-03	-1.49916e+01	5.000000e+00	8.873206e-04	
19	3.650656e-03	-1.49916e+01	5.000000e+00	8.891282e-04	
20	4.650656e-03	-1.49916e+01	5.000000e+00	8.887841e-04	
21	5.650656e-03	-1.49916e+01	5.000000e+00	8.896216e-04	
22	6.650656e-03	-1.49916e+01	5.000000e+00	8.889520e-04	
23	7.650656e-03	-1.49916e+01	5.000000e+00	8.896754e-04	
24	8.650656e-03	-1.49916e+01	5.000000e+00	8.889714e-04	
25	9.650656e-03	-1.49916e+01	5.000000e+00	8.896805e-04	
26	1.065066e-02	-1.49916e+01	5.000000e+00	8.889745e-04	
27	1.165066e-02	-1.49916e+01	5.000000e+00	8.896802e-04	
28	1.265066e-02	-1.49916e+01	5.000000e+00	8.889757e-04	
29	1.365066e-02	-1.49916e+01	5.000000e+00	8.896793e-04	
30	1.465066e-02	-1.49916e+01	5.000000e+00	8.889768e-04	
31	1.565066e-02	-1.49916e+01	5.000000e+00	8.896782e-04	
32	1.665066e-02	-1.49916e+01	5.000000e+00	8.889778e-04	
33	1.765066e-02	-1.49916e+01	5.000000e+00	8.896772e-04	
34	1.865066e-02	-1.49916e+01	5.000000e+00	8.889788e-04	
35	1.965066e-02	-1.49916e+01	5.000000e+00	8.896762e-04	
36	2.065066e-02	-1.49916e+01	5.000000e+00	8.889798e-04	
37	2.165066e-02	-1.49916e+01	5.000000e+00	8.896752e-04	
38	2.265066e-02	-1.49916e+01	5.000000e+00	8.889809e-04	
39	2.365066e-02	-1.49916e+01	5.000000e+00	8.896742e-04	
40	2.465066e-02	-1.49916e+01	5.000000e+00	8.889818e-04	
41	2.500000e-02	-1.49916e+01	5.000000e+00	8.896722e-04	
42	2.505000e-02	-1.49916e+01	4.000000e+00	7.908942e-04	
43	2.515000e-02	-1.49916e+01	2.000000e+00	8.371170e-04	
44	2.535000e-02	-1.49916e+01	-2.00000e+00	8.387982e-04	
45	2.550000e-02	-1.49916e+01	-5.00000e+00	8.594849e-04	
46	2.552889e-02	-1.49916e+01	-5.00000e+00	9.022086e-04	
47	2.558668e-02	-1.49916e+01	-5.00000e+00	9.038335e-04	
48	2.570226e-02	-1.49916e+01	-5.00000e+00	9.000287e-04	
49	2.593342e-02	-1.49916e+01	-5.00000e+00	9.009073e-04	
50	2.639573e-02	-1.49916e+01	-5.00000e+00	8.956434e-04	
51	2.709043e-02	-1.49916e+01	-5.00000e+00	8.957292e-04	
52	2.794021e-02	-1.49916e+01	-5.00000e+00	8.904640e-04	
53	2.894021e-02	-1.49916e+01	-5.00000e+00	8.914833e-04	
54	2.994021e-02	-1.49916e+01	-5.00000e+00	8.883057e-04	

Index   time            ?               in              net-_c1-pad1_   
--------------------------------------------------------------------------------
55	3.094021e-02	-1.49916e+01	-5.00000e+00	8.907254e-04	
56	3.194021e-02	-1.49916e+01	-5.00000e+00	8.880580e-04	
57	3.294021e-02	-1.49916e+01	-5.00000e+00	8.906377e-04	
58	3.394021e-02	-1.49916e+01	-5.00000e+00	8.880338e-04	
59	3.494021e-02	-1.49916e+01	-5.00000e+00	8.906245e-04	
60	3.594021e-02	-1.49916e+01	-5.00000e+00	8.880345e-04	
61	3.694021e-02	-1.49916e+01	-5.00000e+00	8.906197e-04	
62	3.794021e-02	-1.49916e+01	-5.00000e+00	8.880379e-04	
63	3.894021e-02	-1.49916e+01	-5.00000e+00	8.906157e-04	
64	3.994021e-02	-1.49916e+01	-5.00000e+00	8.880417e-04	
65	4.094021e-02	-1.49916e+01	-5.00000e+00	8.906120e-04	
66	4.194021e-02	-1.49916e+01	-5.00000e+00	8.880454e-04	
67	4.294021e-02	-1.49916e+01	-5.00000e+00	8.906082e-04	
68	4.394021e-02	-1.49916e+01	-5.00000e+00	8.880491e-04	
69	4.494021e-02	-1.49916e+01	-5.00000e+00	8.906045e-04	
70	4.594021e-02	-1.49916e+01	-5.00000e+00	8.880529e-04	
71	4.694021e-02	-1.49916e+01	-5.00000e+00	8.906008e-04	
72	4.794021e-02	-1.49916e+01	-5.00000e+00	8.880566e-04	
73	4.894021e-02	-1.49916e+01	-5.00000e+00	8.905971e-04	
74	4.994021e-02	-1.49916e+01	-5.00000e+00	8.880603e-04	
75	5.000000e-02	-1.49916e+01	-5.00000e+00	8.905645e-04	
76	5.002600e-02	-1.49916e+01	-4.48009e+00	9.933730e-04	
77	5.007799e-02	-1.49916e+01	-3.44026e+00	9.736105e-04	
78	5.018197e-02	-1.49916e+01	-1.36061e+00	9.471914e-04	
79	5.038993e-02	-1.49916e+01	2.798700e+00	9.356603e-04	
80	5.050000e-02	-1.49916e+01	5.000000e+00	9.300341e-04	
81	5.052946e-02	-1.49916e+01	5.000000e+00	8.780145e-04	
82	5.058838e-02	-1.49916e+01	5.000000e+00	8.775604e-04	
83	5.070623e-02	-1.49916e+01	5.000000e+00	8.793069e-04	
84	5.094191e-02	-1.49916e+01	5.000000e+00	8.797998e-04	
85	5.141328e-02	-1.49916e+01	5.000000e+00	8.826522e-04	
86	5.210795e-02	-1.49916e+01	5.000000e+00	8.838805e-04	
87	5.296637e-02	-1.49916e+01	5.000000e+00	8.873490e-04	
88	5.396637e-02	-1.49916e+01	5.000000e+00	8.880781e-04	
89	5.496637e-02	-1.49916e+01	5.000000e+00	8.894727e-04	
90	5.596637e-02	-1.49916e+01	5.000000e+00	8.888145e-04	
91	5.696637e-02	-1.49916e+01	5.000000e+00	8.897172e-04	
92	5.796637e-02	-1.49916e+01	5.000000e+00	8.888980e-04	
93	5.896637e-02	-1.49916e+01	5.000000e+00	8.897432e-04	
94	5.996637e-02	-1.49916e+01	5.000000e+00	8.889084e-04	
95	6.096637e-02	-1.49916e+01	5.000000e+00	8.897451e-04	
96	6.196637e-02	-1.49916e+01	5.000000e+00	8.889106e-04	
97	6.296637e-02	-1.49916e+01	5.000000e+00	8.897442e-04	
98	6.396637e-02	-1.49916e+01	5.000000e+00	8.889119e-04	
99	6.496637e-02	-1.49916e+01	5.000000e+00	8.897430e-04	
100	6.596637e-02	-1.49916e+01	5.000000e+00	8.889131e-04	
101	6.696637e-02	-1.49916e+01	5.000000e+00	8.897418e-04	
102	6.796637e-02	-1.49916e+01	5.000000e+00	8.889143e-04	
103	6.896637e-02	-1.49916e+01	5.000000e+00	8.897406e-04	
104	6.996637e-02	-1.49916e+01	5.000000e+00	8.889155e-04	
105	7.096637e-02	-1.49916e+01	5.000000e+00	8.897394e-04	
106	7.196637e-02	-1.49916e+01	5.000000e+00	8.889167e-04	
107	7.296637e-02	-1.49916e+01	5.000000e+00	8.897382e-04	
108	7.396637e-02	-1.49916e+01	5.000000e+00	8.889179e-04	
109	7.496637e-02	-1.49916e+01	5.000000e+00	8.897371e-04	
110	7.500000e-02	-1.49916e+01	5.000000e+00	8.889358e-04	
111	7.502283e-02	-1.49916e+01	4.543475e+00	7.862728e-04	
112	7.506848e-02	-1.49916e+01	3.630425e+00	8.053671e-04	

Index   time            ?               in              net-_c1-pad1_   
--------------------------------------------------------------------------------
113	7.515647e-02	-1.49916e+01	1.870556e+00	8.309673e-04	
114	7.533246e-02	-1.49916e+01	-1.64918e+00	8.444154e-04	
115	7.550000e-02	-1.49916e+01	-5.00000e+00	8.530700e-04	
116	7.552790e-02	-1.49916e+01	-5.00000e+00	9.022023e-04	
117	7.558369e-02	-1.49916e+01	-5.00000e+00	9.039101e-04	
118	7.569527e-02	-1.49916e+01	-5.00000e+00	9.000685e-04	
119	7.591845e-02	-1.49916e+01	-5.00000e+00	9.010544e-04	
120	7.636479e-02	-1.49916e+01	-5.00000e+00	8.957548e-04	
121	7.705953e-02	-1.49916e+01	-5.00000e+00	8.958846e-04	
122	7.789154e-02	-1.49916e+01	-5.00000e+00	8.905334e-04	
123	7.889154e-02	-1.49916e+01	-5.00000e+00	8.915868e-04	
124	7.989154e-02	-1.49916e+01	-5.00000e+00	8.882653e-04	
125	8.089154e-02	-1.49916e+01	-5.00000e+00	8.907883e-04	
126	8.189154e-02	-1.49916e+01	-5.00000e+00	8.880025e-04	
127	8.289154e-02	-1.49916e+01	-5.00000e+00	8.906956e-04	
128	8.389154e-02	-1.49916e+01	-5.00000e+00	8.879768e-04	
129	8.489154e-02	-1.49916e+01	-5.00000e+00	8.906817e-04	
130	8.589154e-02	-1.49916e+01	-5.00000e+00	8.879775e-04	
131	8.689154e-02	-1.49916e+01	-5.00000e+00	8.906766e-04	
132	8.789154e-02	-1.49916e+01	-5.00000e+00	8.879810e-04	
133	8.889154e-02	-1.49916e+01	-5.00000e+00	8.906725e-04	
134	8.989154e-02	-1.49916e+01	-5.00000e+00	8.879849e-04	
135	9.089154e-02	-1.49916e+01	-5.00000e+00	8.906686e-04	
136	9.189154e-02	-1.49916e+01	-5.00000e+00	8.879888e-04	
137	9.289154e-02	-1.49916e+01	-5.00000e+00	8.906647e-04	
138	9.389154e-02	-1.49916e+01	-5.00000e+00	8.879927e-04	
139	9.489154e-02	-1.49916e+01	-5.00000e+00	8.906608e-04	
140	9.589154e-02	-1.49916e+01	-5.00000e+00	8.879966e-04	
141	9.689154e-02	-1.49916e+01	-5.00000e+00	8.906570e-04	
142	9.789154e-02	-1.49916e+01	-5.00000e+00	8.880005e-04	
143	9.889154e-02	-1.49916e+01	-5.00000e+00	8.906531e-04	
144	9.989154e-02	-1.49916e+01	-5.00000e+00	8.880044e-04	
145	1.000000e-01	-1.49916e+01	-5.00000e+00	8.906334e-04	

    * /home/saurabh/desktop/esim/examples/differentiator/differentiator.cir
    Transient Analysis  Fri Aug 27 15:21:30  2021
--------------------------------------------------------------------------------
Index   time            net-_c1-pad2_   net-_r2-pad1_   net-_x1-pad4_   
--------------------------------------------------------------------------------
0	0.000000e+00	0.000000e+00	-1.23185e-04	-1.50000e+01	
1	5.000000e-06	2.987229e-04	-1.23131e-04	-1.50000e+01	
2	5.362480e-06	3.200766e-04	-1.23129e-04	-1.50000e+01	
3	6.087439e-06	3.629867e-04	-1.23129e-04	-1.50000e+01	
4	7.537359e-06	4.611135e-04	-1.23129e-04	-1.50000e+01	
5	1.043720e-05	7.199045e-04	-1.23129e-04	-1.50000e+01	
6	1.623687e-05	1.486745e-03	-1.23129e-04	-1.50000e+01	
7	2.783623e-05	4.010292e-03	-1.23130e-04	-1.50000e+01	
8	5.103494e-05	1.296017e-02	-1.23132e-04	-1.50000e+01	
9	9.743235e-05	4.602946e-02	-1.23137e-04	-1.50000e+01	
10	1.902272e-04	1.694873e-01	-1.23147e-04	-1.50000e+01	
11	3.758169e-04	6.213516e-01	-1.23157e-04	-1.50000e+01	
12	5.000000e-04	1.060715e+00	-1.23159e-04	-1.50000e+01	
13	5.371179e-04	1.201669e+00	-1.23193e-04	-1.50000e+01	
14	6.113538e-04	1.473550e+00	-1.23193e-04	-1.50000e+01	
15	7.598255e-04	1.960947e+00	-1.23193e-04	-1.50000e+01	
16	1.056769e-03	2.746710e+00	-1.23192e-04	-1.50000e+01	
17	1.650656e-03	3.778522e+00	-1.23190e-04	-1.50000e+01	
18	2.650656e-03	4.592842e+00	-1.23187e-04	-1.50000e+01	
19	3.650656e-03	4.864282e+00	-1.23186e-04	-1.50000e+01	
20	4.650656e-03	4.954760e+00	-1.23186e-04	-1.50000e+01	
21	5.650656e-03	4.984921e+00	-1.23185e-04	-1.50000e+01	
22	6.650656e-03	4.994973e+00	-1.23186e-04	-1.50000e+01	
23	7.650656e-03	4.998325e+00	-1.23185e-04	-1.50000e+01	
24	8.650656e-03	4.999441e+00	-1.23186e-04	-1.50000e+01	
25	9.650656e-03	4.999814e+00	-1.23185e-04	-1.50000e+01	
26	1.065066e-02	4.999938e+00	-1.23186e-04	-1.50000e+01	
27	1.165066e-02	4.999980e+00	-1.23185e-04	-1.50000e+01	
28	1.265066e-02	4.999993e+00	-1.23186e-04	-1.50000e+01	
29	1.365066e-02	4.999998e+00	-1.23185e-04	-1.50000e+01	
30	1.465066e-02	4.999999e+00	-1.23186e-04	-1.50000e+01	
31	1.565066e-02	5.000000e+00	-1.23185e-04	-1.50000e+01	
32	1.665066e-02	5.000000e+00	-1.23186e-04	-1.50000e+01	
33	1.765066e-02	5.000000e+00	-1.23185e-04	-1.50000e+01	
34	1.865066e-02	5.000000e+00	-1.23186e-04	-1.50000e+01	
35	1.965066e-02	5.000000e+00	-1.23185e-04	-1.50000e+01	
36	2.065066e-02	5.000000e+00	-1.23186e-04	-1.50000e+01	
37	2.165066e-02	5.000000e+00	-1.23185e-04	-1.50000e+01	
38	2.265066e-02	5.000000e+00	-1.23186e-04	-1.50000e+01	
39	2.365066e-02	5.000000e+00	-1.23185e-04	-1.50000e+01	
40	2.465066e-02	5.000000e+00	-1.23186e-04	-1.50000e+01	
41	2.500000e-02	5.000000e+00	-1.23185e-04	-1.50000e+01	
42	2.505000e-02	4.952287e+00	-1.23289e-04	-1.50000e+01	
43	2.515000e-02	4.766399e+00	-1.23239e-04	-1.50000e+01	
44	2.535000e-02	3.899783e+00	-1.23239e-04	-1.50000e+01	
45	2.550000e-02	2.867274e+00	-1.23216e-04	-1.50000e+01	
46	2.552889e-02	2.646379e+00	-1.23171e-04	-1.50000e+01	
47	2.558668e-02	2.216914e+00	-1.23170e-04	-1.50000e+01	
48	2.570226e-02	1.428364e+00	-1.23174e-04	-1.50000e+01	
49	2.593342e-02	9.636184e-02	-1.23173e-04	-1.50000e+01	
50	2.639573e-02	-1.81738e+00	-1.23178e-04	-1.50000e+01	
51	2.709043e-02	-3.45835e+00	-1.23179e-04	-1.50000e+01	
52	2.794021e-02	-4.37777e+00	-1.23184e-04	-1.50000e+01	
53	2.894021e-02	-4.79259e+00	-1.23183e-04	-1.50000e+01	
54	2.994021e-02	-4.93087e+00	-1.23186e-04	-1.50000e+01	

Index   time            net-_c1-pad2_   net-_r2-pad1_   net-_x1-pad4_   
--------------------------------------------------------------------------------
55	3.094021e-02	-4.97695e+00	-1.23184e-04	-1.50000e+01	
56	3.194021e-02	-4.99232e+00	-1.23186e-04	-1.50000e+01	
57	3.294021e-02	-4.99744e+00	-1.23184e-04	-1.50000e+01	
58	3.394021e-02	-4.99915e+00	-1.23186e-04	-1.50000e+01	
59	3.494021e-02	-4.99971e+00	-1.23184e-04	-1.50000e+01	
60	3.594021e-02	-4.99991e+00	-1.23186e-04	-1.50000e+01	
61	3.694021e-02	-4.99997e+00	-1.23184e-04	-1.50000e+01	
62	3.794021e-02	-4.99999e+00	-1.23186e-04	-1.50000e+01	
63	3.894021e-02	-5.00000e+00	-1.23184e-04	-1.50000e+01	
64	3.994021e-02	-5.00000e+00	-1.23186e-04	-1.50000e+01	
65	4.094021e-02	-5.00000e+00	-1.23184e-04	-1.50000e+01	
66	4.194021e-02	-5.00000e+00	-1.23186e-04	-1.50000e+01	
67	4.294021e-02	-5.00000e+00	-1.23184e-04	-1.50000e+01	
68	4.394021e-02	-5.00000e+00	-1.23186e-04	-1.50000e+01	
69	4.494021e-02	-5.00000e+00	-1.23184e-04	-1.50000e+01	
70	4.594021e-02	-5.00000e+00	-1.23186e-04	-1.50000e+01	
71	4.694021e-02	-5.00000e+00	-1.23184e-04	-1.50000e+01	
72	4.794021e-02	-5.00000e+00	-1.23186e-04	-1.50000e+01	
73	4.894021e-02	-5.00000e+00	-1.23184e-04	-1.50000e+01	
74	4.994021e-02	-5.00000e+00	-1.23186e-04	-1.50000e+01	
75	5.000000e-02	-5.00000e+00	-1.23184e-04	-1.50000e+01	
76	5.002600e-02	-4.98673e+00	-1.23076e-04	-1.50000e+01	
77	5.007799e-02	-4.93473e+00	-1.23098e-04	-1.50000e+01	
78	5.018197e-02	-4.68425e+00	-1.23124e-04	-1.50000e+01	
79	5.038993e-02	-3.66640e+00	-1.23138e-04	-1.50000e+01	
80	5.050000e-02	-2.87712e+00	-1.23142e-04	-1.50000e+01	
81	5.052946e-02	-2.65175e+00	-1.23198e-04	-1.50000e+01	
82	5.058838e-02	-2.21380e+00	-1.23198e-04	-1.50000e+01	
83	5.070623e-02	-1.41100e+00	-1.23196e-04	-1.50000e+01	
84	5.094191e-02	-5.93016e-02	-1.23195e-04	-1.50000e+01	
85	5.141328e-02	1.870654e+00	-1.23193e-04	-1.50000e+01	
86	5.210795e-02	3.484106e+00	-1.23191e-04	-1.50000e+01	
87	5.296637e-02	4.394590e+00	-1.23188e-04	-1.50000e+01	
88	5.396637e-02	4.798197e+00	-1.23186e-04	-1.50000e+01	
89	5.496637e-02	4.932733e+00	-1.23186e-04	-1.50000e+01	
90	5.596637e-02	4.977577e+00	-1.23186e-04	-1.50000e+01	
91	5.696637e-02	4.992526e+00	-1.23185e-04	-1.50000e+01	
92	5.796637e-02	4.997508e+00	-1.23185e-04	-1.50000e+01	
93	5.896637e-02	4.999170e+00	-1.23185e-04	-1.50000e+01	
94	5.996637e-02	4.999723e+00	-1.23185e-04	-1.50000e+01	
95	6.096637e-02	4.999908e+00	-1.23185e-04	-1.50000e+01	
96	6.196637e-02	4.999969e+00	-1.23185e-04	-1.50000e+01	
97	6.296637e-02	4.999990e+00	-1.23185e-04	-1.50000e+01	
98	6.396637e-02	4.999996e+00	-1.23185e-04	-1.50000e+01	
99	6.496637e-02	4.999999e+00	-1.23185e-04	-1.50000e+01	
100	6.596637e-02	4.999999e+00	-1.23185e-04	-1.50000e+01	
101	6.696637e-02	5.000000e+00	-1.23185e-04	-1.50000e+01	
102	6.796637e-02	5.000000e+00	-1.23185e-04	-1.50000e+01	
103	6.896637e-02	5.000000e+00	-1.23185e-04	-1.50000e+01	
104	6.996637e-02	5.000000e+00	-1.23185e-04	-1.50000e+01	
105	7.096637e-02	5.000000e+00	-1.23185e-04	-1.50000e+01	
106	7.196637e-02	5.000000e+00	-1.23185e-04	-1.50000e+01	
107	7.296637e-02	5.000000e+00	-1.23185e-04	-1.50000e+01	
108	7.396637e-02	5.000000e+00	-1.23185e-04	-1.50000e+01	
109	7.496637e-02	5.000000e+00	-1.23185e-04	-1.50000e+01	
110	7.500000e-02	5.000000e+00	-1.23185e-04	-1.50000e+01	
111	7.502283e-02	4.989711e+00	-1.23294e-04	-1.50000e+01	
112	7.506848e-02	4.949436e+00	-1.23272e-04	-1.50000e+01	

Index   time            net-_c1-pad2_   net-_r2-pad1_   net-_x1-pad4_   
--------------------------------------------------------------------------------
113	7.515647e-02	4.764122e+00	-1.23247e-04	-1.50000e+01	
114	7.533246e-02	4.011424e+00	-1.23231e-04	-1.50000e+01	
115	7.550000e-02	2.877352e+00	-1.23224e-04	-1.50000e+01	
116	7.552790e-02	2.663614e+00	-1.23171e-04	-1.50000e+01	
117	7.558369e-02	2.247645e+00	-1.23170e-04	-1.50000e+01	
118	7.569527e-02	1.481645e+00	-1.23174e-04	-1.50000e+01	
119	7.591845e-02	1.803366e-01	-1.23173e-04	-1.50000e+01	
120	7.636479e-02	-1.71000e+00	-1.23178e-04	-1.50000e+01	
121	7.705953e-02	-3.40641e+00	-1.23179e-04	-1.50000e+01	
122	7.789154e-02	-4.34277e+00	-1.23184e-04	-1.50000e+01	
123	7.889154e-02	-4.78092e+00	-1.23183e-04	-1.50000e+01	
124	7.989154e-02	-4.92698e+00	-1.23186e-04	-1.50000e+01	
125	8.089154e-02	-4.97566e+00	-1.23184e-04	-1.50000e+01	
126	8.189154e-02	-4.99189e+00	-1.23186e-04	-1.50000e+01	
127	8.289154e-02	-4.99729e+00	-1.23184e-04	-1.50000e+01	
128	8.389154e-02	-4.99910e+00	-1.23186e-04	-1.50000e+01	
129	8.489154e-02	-4.99970e+00	-1.23184e-04	-1.50000e+01	
130	8.589154e-02	-4.99990e+00	-1.23186e-04	-1.50000e+01	
131	8.689154e-02	-4.99997e+00	-1.23184e-04	-1.50000e+01	
132	8.789154e-02	-4.99999e+00	-1.23186e-04	-1.50000e+01	
133	8.889154e-02	-4.99999e+00	-1.23184e-04	-1.50000e+01	
134	8.989154e-02	-5.00000e+00	-1.23186e-04	-1.50000e+01	
135	9.089154e-02	-5.00000e+00	-1.23184e-04	-1.50000e+01	
136	9.189154e-02	-5.00000e+00	-1.23186e-04	-1.50000e+01	
137	9.289154e-02	-5.00000e+00	-1.23184e-04	-1.50000e+01	
138	9.389154e-02	-5.00000e+00	-1.23186e-04	-1.50000e+01	
139	9.489154e-02	-5.00000e+00	-1.23184e-04	-1.50000e+01	
140	9.589154e-02	-5.00000e+00	-1.23186e-04	-1.50000e+01	
141	9.689154e-02	-5.00000e+00	-1.23184e-04	-1.50000e+01	
142	9.789154e-02	-5.00000e+00	-1.23186e-04	-1.50000e+01	
143	9.889154e-02	-5.00000e+00	-1.23184e-04	-1.50000e+01	
144	9.989154e-02	-5.00000e+00	-1.23186e-04	-1.50000e+01	
145	1.000000e-01	-5.00000e+00	-1.23184e-04	-1.50000e+01	

    * /home/saurabh/desktop/esim/examples/differentiator/differentiator.cir
    Transient Analysis  Fri Aug 27 15:21:30  2021
--------------------------------------------------------------------------------
Index   time            net-_x1-pad7_   out             x1.net-_c1-pad1 
--------------------------------------------------------------------------------
0	0.000000e+00	1.500000e+01	1.014535e-03	5.325589e-01	
1	5.000000e-06	1.500000e+01	5.677950e-04	5.312067e-01	
2	5.362480e-06	1.500000e+01	5.337927e-04	5.311046e-01	
3	6.087439e-06	1.500000e+01	4.633789e-04	5.308972e-01	
4	7.537359e-06	1.500000e+01	3.193190e-04	5.304761e-01	
5	1.043720e-05	1.500000e+01	3.180890e-05	5.296355e-01	
6	1.623687e-05	1.500000e+01	-5.40756e-04	5.279621e-01	
7	2.783623e-05	1.500000e+01	-1.67613e-03	5.246519e-01	
8	5.103494e-05	1.500000e+01	-3.90832e-03	5.182165e-01	
9	9.743235e-05	1.500000e+01	-8.22209e-03	5.062781e-01	
10	1.902272e-04	1.500000e+01	-1.62763e-02	4.863347e-01	
11	3.758169e-04	1.500000e+01	-3.03262e-02	4.573068e-01	
12	5.000000e-04	1.500000e+01	-3.83535e-02	4.428236e-01	
13	5.371179e-04	1.500000e+01	-3.69762e-02	4.452506e-01	
14	6.113538e-04	1.500000e+01	-3.42577e-02	4.501039e-01	
15	7.598255e-04	1.500000e+01	-2.93826e-02	4.591336e-01	
16	1.056769e-03	1.500000e+01	-2.15246e-02	4.748255e-01	
17	1.650656e-03	1.500000e+01	-1.12043e-02	4.985575e-01	
18	2.650656e-03	1.500000e+01	-3.05905e-03	5.206994e-01	
19	3.650656e-03	1.500000e+01	-3.42847e-04	5.285915e-01	
20	4.650656e-03	1.500000e+01	5.615947e-04	5.312359e-01	
21	5.650656e-03	1.500000e+01	8.640353e-04	5.321210e-01	
22	6.650656e-03	1.500000e+01	9.638899e-04	5.324115e-01	
23	7.650656e-03	1.500000e+01	9.981308e-04	5.325107e-01	
24	8.650656e-03	1.500000e+01	1.008590e-03	5.325419e-01	
25	9.650656e-03	1.500000e+01	1.013029e-03	5.325542e-01	
26	1.065066e-02	1.500000e+01	1.013557e-03	5.325564e-01	
27	1.165066e-02	1.500000e+01	1.014684e-03	5.325590e-01	
28	1.265066e-02	1.500000e+01	1.014110e-03	5.325580e-01	
29	1.365066e-02	1.500000e+01	1.014867e-03	5.325595e-01	
30	1.465066e-02	1.500000e+01	1.014172e-03	5.325582e-01	
31	1.565066e-02	1.500000e+01	1.014886e-03	5.325596e-01	
32	1.665066e-02	1.500000e+01	1.014180e-03	5.325582e-01	
33	1.765066e-02	1.500000e+01	1.014887e-03	5.325596e-01	
34	1.865066e-02	1.500000e+01	1.014182e-03	5.325582e-01	
35	1.965066e-02	1.500000e+01	1.014886e-03	5.325596e-01	
36	2.065066e-02	1.500000e+01	1.014183e-03	5.325582e-01	
37	2.165066e-02	1.500000e+01	1.014886e-03	5.325596e-01	
38	2.265066e-02	1.500000e+01	1.014184e-03	5.325582e-01	
39	2.365066e-02	1.500000e+01	1.014885e-03	5.325596e-01	
40	2.465066e-02	1.500000e+01	1.014185e-03	5.325582e-01	
41	2.500000e-02	1.500000e+01	1.014883e-03	5.325596e-01	
42	2.505000e-02	1.500000e+01	1.043887e-02	5.588345e-01	
43	2.515000e-02	1.500000e+01	2.862626e-02	5.984789e-01	
44	2.535000e-02	1.500000e+01	5.996178e-02	6.498471e-01	
45	2.550000e-02	1.500000e+01	7.965740e-02	6.779625e-01	
46	2.552889e-02	1.500000e+01	7.749122e-02	6.750247e-01	
47	2.558668e-02	1.500000e+01	7.319819e-02	6.689323e-01	
48	2.570226e-02	1.500000e+01	6.530889e-02	6.576566e-01	
49	2.593342e-02	1.500000e+01	5.198974e-02	6.377517e-01	
50	2.639573e-02	1.500000e+01	3.284708e-02	6.061021e-01	
51	2.709043e-02	1.500000e+01	1.643740e-02	5.732573e-01	
52	2.794021e-02	1.500000e+01	7.237977e-03	5.502582e-01	
53	2.894021e-02	1.500000e+01	3.090800e-03	5.385903e-01	
54	2.994021e-02	1.500000e+01	1.704860e-03	5.345736e-01	

Index   time            net-_x1-pad7_   out             x1.net-_c1-pad1 
--------------------------------------------------------------------------------
55	3.094021e-02	1.500000e+01	1.246399e-03	5.332360e-01	
56	3.194021e-02	1.500000e+01	1.090068e-03	5.327809e-01	
57	3.294021e-02	1.500000e+01	1.041464e-03	5.326364e-01	
58	3.394021e-02	1.500000e+01	1.021762e-03	5.325812e-01	
59	3.494021e-02	1.500000e+01	1.018690e-03	5.325698e-01	
60	3.594021e-02	1.500000e+01	1.014176e-03	5.325590e-01	
61	3.694021e-02	1.500000e+01	1.016156e-03	5.325624e-01	
62	3.794021e-02	1.500000e+01	1.013336e-03	5.325566e-01	
63	3.894021e-02	1.500000e+01	1.015871e-03	5.325616e-01	
64	3.994021e-02	1.500000e+01	1.013246e-03	5.325563e-01	
65	4.094021e-02	1.500000e+01	1.015836e-03	5.325615e-01	
66	4.194021e-02	1.500000e+01	1.013240e-03	5.325563e-01	
67	4.294021e-02	1.500000e+01	1.015829e-03	5.325615e-01	
68	4.394021e-02	1.500000e+01	1.013242e-03	5.325563e-01	
69	4.494021e-02	1.500000e+01	1.015825e-03	5.325615e-01	
70	4.594021e-02	1.500000e+01	1.013246e-03	5.325563e-01	
71	4.694021e-02	1.500000e+01	1.015821e-03	5.325614e-01	
72	4.794021e-02	1.500000e+01	1.013250e-03	5.325563e-01	
73	4.894021e-02	1.500000e+01	1.015817e-03	5.325614e-01	
74	4.994021e-02	1.500000e+01	1.013254e-03	5.325563e-01	
75	5.000000e-02	1.500000e+01	1.015785e-03	5.325614e-01	
76	5.002600e-02	1.500000e+01	-3.94770e-03	5.180561e-01	
77	5.007799e-02	1.500000e+01	-1.38457e-02	4.920095e-01	
78	5.018197e-02	1.500000e+01	-3.21640e-02	4.539002e-01	
79	5.038993e-02	1.500000e+01	-6.35901e-02	4.021749e-01	
80	5.050000e-02	1.500000e+01	-7.77159e-02	3.813479e-01	
81	5.052946e-02	1.500000e+01	-7.55142e-02	3.845457e-01	
82	5.058838e-02	1.500000e+01	-7.11352e-02	3.909457e-01	
83	5.070623e-02	1.500000e+01	-6.31055e-02	4.029267e-01	
84	5.094191e-02	1.500000e+01	-4.95880e-02	4.240254e-01	
85	5.141328e-02	1.500000e+01	-3.02856e-02	4.574266e-01	
86	5.210795e-02	1.500000e+01	-1.41499e-02	4.913331e-01	
87	5.296637e-02	1.500000e+01	-5.04154e-03	5.150537e-01	
88	5.396637e-02	1.500000e+01	-1.00474e-03	5.266591e-01	
89	5.496637e-02	1.500000e+01	3.420126e-04	5.305933e-01	
90	5.596637e-02	1.500000e+01	7.897950e-04	5.319028e-01	
91	5.696637e-02	1.500000e+01	9.401875e-04	5.323418e-01	
92	5.796637e-02	1.500000e+01	9.891876e-04	5.324853e-01	
93	5.896637e-02	1.500000e+01	1.006650e-03	5.325355e-01	
94	5.996637e-02	1.500000e+01	1.011343e-03	5.325500e-01	
95	6.096637e-02	1.500000e+01	1.014033e-03	5.325570e-01	
96	6.196637e-02	1.500000e+01	1.013806e-03	5.325572e-01	
97	6.296637e-02	1.500000e+01	1.014852e-03	5.325594e-01	
98	6.396637e-02	1.500000e+01	1.014081e-03	5.325580e-01	
99	6.496637e-02	1.500000e+01	1.014942e-03	5.325597e-01	
100	6.596637e-02	1.500000e+01	1.014112e-03	5.325580e-01	
101	6.696637e-02	1.500000e+01	1.014951e-03	5.325597e-01	
102	6.796637e-02	1.500000e+01	1.014117e-03	5.325581e-01	
103	6.896637e-02	1.500000e+01	1.014951e-03	5.325597e-01	
104	6.996637e-02	1.500000e+01	1.014118e-03	5.325581e-01	
105	7.096637e-02	1.500000e+01	1.014950e-03	5.325597e-01	
106	7.196637e-02	1.500000e+01	1.014120e-03	5.325581e-01	
107	7.296637e-02	1.500000e+01	1.014949e-03	5.325597e-01	
108	7.396637e-02	1.500000e+01	1.014121e-03	5.325581e-01	
109	7.496637e-02	1.500000e+01	1.014948e-03	5.325597e-01	
110	7.500000e-02	1.500000e+01	1.014139e-03	5.325581e-01	
111	7.502283e-02	1.500000e+01	5.373730e-03	5.451903e-01	
112	7.506848e-02	1.500000e+01	1.412060e-02	5.679967e-01	

Index   time            net-_x1-pad7_   out             x1.net-_c1-pad1 
--------------------------------------------------------------------------------
113	7.515647e-02	1.500000e+01	2.989178e-02	6.007891e-01	
114	7.533246e-02	1.500000e+01	5.757565e-02	6.462696e-01	
115	7.550000e-02	1.500000e+01	7.975176e-02	6.780986e-01	
116	7.552790e-02	1.500000e+01	7.766356e-02	6.752621e-01	
117	7.558369e-02	1.500000e+01	7.350558e-02	6.693652e-01	
118	7.569527e-02	1.500000e+01	6.584174e-02	6.584286e-01	
119	7.591845e-02	1.500000e+01	5.282964e-02	6.390463e-01	
120	7.636479e-02	1.500000e+01	3.392093e-02	6.080176e-01	
121	7.705953e-02	1.500000e+01	1.695696e-02	5.744314e-01	
122	7.789154e-02	1.500000e+01	7.588066e-03	5.512096e-01	
123	7.889154e-02	1.500000e+01	3.207577e-03	5.389269e-01	
124	7.989154e-02	1.500000e+01	1.743710e-03	5.346868e-01	
125	8.089154e-02	1.500000e+01	1.259426e-03	5.332725e-01	
126	8.189154e-02	1.500000e+01	1.094333e-03	5.327935e-01	
127	8.289154e-02	1.500000e+01	1.042963e-03	5.326407e-01	
128	8.389154e-02	1.500000e+01	1.022185e-03	5.325825e-01	
129	8.489154e-02	1.500000e+01	1.018908e-03	5.325704e-01	
130	8.589154e-02	1.500000e+01	1.014172e-03	5.325591e-01	
131	8.689154e-02	1.500000e+01	1.016232e-03	5.325626e-01	
132	8.789154e-02	1.500000e+01	1.013285e-03	5.325565e-01	
133	8.889154e-02	1.500000e+01	1.015931e-03	5.325617e-01	
134	8.989154e-02	1.500000e+01	1.013190e-03	5.325562e-01	
135	9.089154e-02	1.500000e+01	1.015894e-03	5.325616e-01	
136	9.189154e-02	1.500000e+01	1.013183e-03	5.325562e-01	
137	9.289154e-02	1.500000e+01	1.015886e-03	5.325616e-01	
138	9.389154e-02	1.500000e+01	1.013186e-03	5.325562e-01	
139	9.489154e-02	1.500000e+01	1.015882e-03	5.325616e-01	
140	9.589154e-02	1.500000e+01	1.013189e-03	5.325562e-01	
141	9.689154e-02	1.500000e+01	1.015878e-03	5.325616e-01	
142	9.789154e-02	1.500000e+01	1.013193e-03	5.325562e-01	
143	9.889154e-02	1.500000e+01	1.015874e-03	5.325616e-01	
144	9.989154e-02	1.500000e+01	1.013197e-03	5.325562e-01	
145	1.000000e-01	1.500000e+01	1.015854e-03	5.325615e-01	

    * /home/saurabh/desktop/esim/examples/differentiator/differentiator.cir
    Transient Analysis  Fri Aug 27 15:21:30  2021
--------------------------------------------------------------------------------
Index   time            x1.net-_c1-pad2 x1.net-_q1-pad1 x1.net-_q1-pad3 
--------------------------------------------------------------------------------
0	0.000000e+00	-1.37803e+01	1.446107e+01	-5.18489e-01	
1	5.000000e-06	-1.37803e+01	1.446107e+01	-5.18476e-01	
2	5.362480e-06	-1.37803e+01	1.446107e+01	-5.18476e-01	
3	6.087439e-06	-1.37803e+01	1.446107e+01	-5.18475e-01	
4	7.537359e-06	-1.37803e+01	1.446107e+01	-5.18475e-01	
5	1.043720e-05	-1.37803e+01	1.446107e+01	-5.18475e-01	
6	1.623687e-05	-1.37803e+01	1.446107e+01	-5.18475e-01	
7	2.783623e-05	-1.37802e+01	1.446107e+01	-5.18476e-01	
8	5.103494e-05	-1.37802e+01	1.446107e+01	-5.18476e-01	
9	9.743235e-05	-1.37802e+01	1.446107e+01	-5.18477e-01	
10	1.902272e-04	-1.37801e+01	1.446107e+01	-5.18480e-01	
11	3.758169e-04	-1.37800e+01	1.446107e+01	-5.18482e-01	
12	5.000000e-04	-1.37799e+01	1.446107e+01	-5.18483e-01	
13	5.371179e-04	-1.37799e+01	1.446107e+01	-5.18491e-01	
14	6.113538e-04	-1.37799e+01	1.446107e+01	-5.18491e-01	
15	7.598255e-04	-1.37800e+01	1.446107e+01	-5.18491e-01	
16	1.056769e-03	-1.37800e+01	1.446107e+01	-5.18491e-01	
17	1.650656e-03	-1.37802e+01	1.446107e+01	-5.18490e-01	
18	2.650656e-03	-1.37802e+01	1.446107e+01	-5.18489e-01	
19	3.650656e-03	-1.37803e+01	1.446107e+01	-5.18489e-01	
20	4.650656e-03	-1.37803e+01	1.446107e+01	-5.18489e-01	
21	5.650656e-03	-1.37803e+01	1.446107e+01	-5.18489e-01	
22	6.650656e-03	-1.37803e+01	1.446107e+01	-5.18489e-01	
23	7.650656e-03	-1.37803e+01	1.446107e+01	-5.18489e-01	
24	8.650656e-03	-1.37803e+01	1.446107e+01	-5.18489e-01	
25	9.650656e-03	-1.37803e+01	1.446107e+01	-5.18489e-01	
26	1.065066e-02	-1.37803e+01	1.446107e+01	-5.18489e-01	
27	1.165066e-02	-1.37803e+01	1.446107e+01	-5.18489e-01	
28	1.265066e-02	-1.37803e+01	1.446107e+01	-5.18489e-01	
29	1.365066e-02	-1.37803e+01	1.446107e+01	-5.18489e-01	
30	1.465066e-02	-1.37803e+01	1.446107e+01	-5.18489e-01	
31	1.565066e-02	-1.37803e+01	1.446107e+01	-5.18489e-01	
32	1.665066e-02	-1.37803e+01	1.446107e+01	-5.18489e-01	
33	1.765066e-02	-1.37803e+01	1.446107e+01	-5.18489e-01	
34	1.865066e-02	-1.37803e+01	1.446107e+01	-5.18489e-01	
35	1.965066e-02	-1.37803e+01	1.446107e+01	-5.18489e-01	
36	2.065066e-02	-1.37803e+01	1.446107e+01	-5.18489e-01	
37	2.165066e-02	-1.37803e+01	1.446107e+01	-5.18489e-01	
38	2.265066e-02	-1.37803e+01	1.446107e+01	-5.18489e-01	
39	2.365066e-02	-1.37803e+01	1.446107e+01	-5.18489e-01	
40	2.465066e-02	-1.37803e+01	1.446107e+01	-5.18489e-01	
41	2.500000e-02	-1.37803e+01	1.446107e+01	-5.18489e-01	
42	2.505000e-02	-1.37804e+01	1.446107e+01	-5.18514e-01	
43	2.515000e-02	-1.37805e+01	1.446107e+01	-5.18502e-01	
44	2.535000e-02	-1.37806e+01	1.446107e+01	-5.18502e-01	
45	2.550000e-02	-1.37807e+01	1.446107e+01	-5.18496e-01	
46	2.552889e-02	-1.37807e+01	1.446107e+01	-5.18486e-01	
47	2.558668e-02	-1.37807e+01	1.446107e+01	-5.18485e-01	
48	2.570226e-02	-1.37806e+01	1.446107e+01	-5.18486e-01	
49	2.593342e-02	-1.37806e+01	1.446107e+01	-5.18486e-01	
50	2.639573e-02	-1.37805e+01	1.446107e+01	-5.18487e-01	
51	2.709043e-02	-1.37804e+01	1.446107e+01	-5.18487e-01	
52	2.794021e-02	-1.37803e+01	1.446107e+01	-5.18489e-01	
53	2.894021e-02	-1.37803e+01	1.446107e+01	-5.18488e-01	
54	2.994021e-02	-1.37803e+01	1.446107e+01	-5.18489e-01	

Index   time            x1.net-_c1-pad2 x1.net-_q1-pad1 x1.net-_q1-pad3 
--------------------------------------------------------------------------------
55	3.094021e-02	-1.37803e+01	1.446107e+01	-5.18489e-01	
56	3.194021e-02	-1.37803e+01	1.446107e+01	-5.18489e-01	
57	3.294021e-02	-1.37803e+01	1.446107e+01	-5.18489e-01	
58	3.394021e-02	-1.37803e+01	1.446107e+01	-5.18489e-01	
59	3.494021e-02	-1.37803e+01	1.446107e+01	-5.18489e-01	
60	3.594021e-02	-1.37803e+01	1.446107e+01	-5.18489e-01	
61	3.694021e-02	-1.37803e+01	1.446107e+01	-5.18489e-01	
62	3.794021e-02	-1.37803e+01	1.446107e+01	-5.18489e-01	
63	3.894021e-02	-1.37803e+01	1.446107e+01	-5.18489e-01	
64	3.994021e-02	-1.37803e+01	1.446107e+01	-5.18489e-01	
65	4.094021e-02	-1.37803e+01	1.446107e+01	-5.18489e-01	
66	4.194021e-02	-1.37803e+01	1.446107e+01	-5.18489e-01	
67	4.294021e-02	-1.37803e+01	1.446107e+01	-5.18489e-01	
68	4.394021e-02	-1.37803e+01	1.446107e+01	-5.18489e-01	
69	4.494021e-02	-1.37803e+01	1.446107e+01	-5.18489e-01	
70	4.594021e-02	-1.37803e+01	1.446107e+01	-5.18489e-01	
71	4.694021e-02	-1.37803e+01	1.446107e+01	-5.18489e-01	
72	4.794021e-02	-1.37803e+01	1.446107e+01	-5.18489e-01	
73	4.894021e-02	-1.37803e+01	1.446107e+01	-5.18489e-01	
74	4.994021e-02	-1.37803e+01	1.446107e+01	-5.18489e-01	
75	5.000000e-02	-1.37803e+01	1.446107e+01	-5.18489e-01	
76	5.002600e-02	-1.37802e+01	1.446107e+01	-5.18463e-01	
77	5.007799e-02	-1.37801e+01	1.446107e+01	-5.18468e-01	
78	5.018197e-02	-1.37799e+01	1.446107e+01	-5.18474e-01	
79	5.038993e-02	-1.37796e+01	1.446107e+01	-5.18477e-01	
80	5.050000e-02	-1.37795e+01	1.446107e+01	-5.18479e-01	
81	5.052946e-02	-1.37795e+01	1.446107e+01	-5.18492e-01	
82	5.058838e-02	-1.37796e+01	1.446107e+01	-5.18492e-01	
83	5.070623e-02	-1.37796e+01	1.446107e+01	-5.18492e-01	
84	5.094191e-02	-1.37798e+01	1.446107e+01	-5.18491e-01	
85	5.141328e-02	-1.37800e+01	1.446107e+01	-5.18491e-01	
86	5.210795e-02	-1.37801e+01	1.446107e+01	-5.18490e-01	
87	5.296637e-02	-1.37802e+01	1.446107e+01	-5.18489e-01	
88	5.396637e-02	-1.37803e+01	1.446107e+01	-5.18489e-01	
89	5.496637e-02	-1.37803e+01	1.446107e+01	-5.18489e-01	
90	5.596637e-02	-1.37803e+01	1.446107e+01	-5.18489e-01	
91	5.696637e-02	-1.37803e+01	1.446107e+01	-5.18489e-01	
92	5.796637e-02	-1.37803e+01	1.446107e+01	-5.18489e-01	
93	5.896637e-02	-1.37803e+01	1.446107e+01	-5.18489e-01	
94	5.996637e-02	-1.37803e+01	1.446107e+01	-5.18489e-01	
95	6.096637e-02	-1.37803e+01	1.446107e+01	-5.18489e-01	
96	6.196637e-02	-1.37803e+01	1.446107e+01	-5.18489e-01	
97	6.296637e-02	-1.37803e+01	1.446107e+01	-5.18489e-01	
98	6.396637e-02	-1.37803e+01	1.446107e+01	-5.18489e-01	
99	6.496637e-02	-1.37803e+01	1.446107e+01	-5.18489e-01	
100	6.596637e-02	-1.37803e+01	1.446107e+01	-5.18489e-01	
101	6.696637e-02	-1.37803e+01	1.446107e+01	-5.18489e-01	
102	6.796637e-02	-1.37803e+01	1.446107e+01	-5.18489e-01	
103	6.896637e-02	-1.37803e+01	1.446107e+01	-5.18489e-01	
104	6.996637e-02	-1.37803e+01	1.446107e+01	-5.18489e-01	
105	7.096637e-02	-1.37803e+01	1.446107e+01	-5.18489e-01	
106	7.196637e-02	-1.37803e+01	1.446107e+01	-5.18489e-01	
107	7.296637e-02	-1.37803e+01	1.446107e+01	-5.18489e-01	
108	7.396637e-02	-1.37803e+01	1.446107e+01	-5.18489e-01	
109	7.496637e-02	-1.37803e+01	1.446107e+01	-5.18489e-01	
110	7.500000e-02	-1.37803e+01	1.446107e+01	-5.18489e-01	
111	7.502283e-02	-1.37803e+01	1.446107e+01	-5.18515e-01	
112	7.506848e-02	-1.37804e+01	1.446107e+01	-5.18510e-01	

Index   time            x1.net-_c1-pad2 x1.net-_q1-pad1 x1.net-_q1-pad3 
--------------------------------------------------------------------------------
113	7.515647e-02	-1.37805e+01	1.446107e+01	-5.18504e-01	
114	7.533246e-02	-1.37806e+01	1.446107e+01	-5.18500e-01	
115	7.550000e-02	-1.37807e+01	1.446107e+01	-5.18498e-01	
116	7.552790e-02	-1.37807e+01	1.446107e+01	-5.18486e-01	
117	7.558369e-02	-1.37807e+01	1.446107e+01	-5.18485e-01	
118	7.569527e-02	-1.37807e+01	1.446107e+01	-5.18486e-01	
119	7.591845e-02	-1.37806e+01	1.446107e+01	-5.18486e-01	
120	7.636479e-02	-1.37805e+01	1.446107e+01	-5.18487e-01	
121	7.705953e-02	-1.37804e+01	1.446107e+01	-5.18487e-01	
122	7.789154e-02	-1.37803e+01	1.446107e+01	-5.18489e-01	
123	7.889154e-02	-1.37803e+01	1.446107e+01	-5.18488e-01	
124	7.989154e-02	-1.37803e+01	1.446107e+01	-5.18489e-01	
125	8.089154e-02	-1.37803e+01	1.446107e+01	-5.18489e-01	
126	8.189154e-02	-1.37803e+01	1.446107e+01	-5.18489e-01	
127	8.289154e-02	-1.37803e+01	1.446107e+01	-5.18489e-01	
128	8.389154e-02	-1.37803e+01	1.446107e+01	-5.18489e-01	
129	8.489154e-02	-1.37803e+01	1.446107e+01	-5.18489e-01	
130	8.589154e-02	-1.37803e+01	1.446107e+01	-5.18489e-01	
131	8.689154e-02	-1.37803e+01	1.446107e+01	-5.18489e-01	
132	8.789154e-02	-1.37803e+01	1.446107e+01	-5.18489e-01	
133	8.889154e-02	-1.37803e+01	1.446107e+01	-5.18489e-01	
134	8.989154e-02	-1.37803e+01	1.446107e+01	-5.18489e-01	
135	9.089154e-02	-1.37803e+01	1.446107e+01	-5.18489e-01	
136	9.189154e-02	-1.37803e+01	1.446107e+01	-5.18489e-01	
137	9.289154e-02	-1.37803e+01	1.446107e+01	-5.18489e-01	
138	9.389154e-02	-1.37803e+01	1.446107e+01	-5.18489e-01	
139	9.489154e-02	-1.37803e+01	1.446107e+01	-5.18489e-01	
140	9.589154e-02	-1.37803e+01	1.446107e+01	-5.18489e-01	
141	9.689154e-02	-1.37803e+01	1.446107e+01	-5.18489e-01	
142	9.789154e-02	-1.37803e+01	1.446107e+01	-5.18489e-01	
143	9.889154e-02	-1.37803e+01	1.446107e+01	-5.18489e-01	
144	9.989154e-02	-1.37803e+01	1.446107e+01	-5.18489e-01	
145	1.000000e-01	-1.37803e+01	1.446107e+01	-5.18489e-01	

    * /home/saurabh/desktop/esim/examples/differentiator/differentiator.cir
    Transient Analysis  Fri Aug 27 15:21:30  2021
--------------------------------------------------------------------------------
Index   time            x1.net-_q2-pad3 x1.net-_q3-pad2 x1.net-_q3-pad3 
--------------------------------------------------------------------------------
0	0.000000e+00	-5.17958e-01	-1.39498e+01	-1.44699e+01	
1	5.000000e-06	-5.17920e-01	-1.39498e+01	-1.44699e+01	
2	5.362480e-06	-5.17919e-01	-1.39498e+01	-1.44699e+01	
3	6.087439e-06	-5.17918e-01	-1.39498e+01	-1.44699e+01	
4	7.537359e-06	-5.17918e-01	-1.39498e+01	-1.44699e+01	
5	1.043720e-05	-5.17918e-01	-1.39498e+01	-1.44699e+01	
6	1.623687e-05	-5.17918e-01	-1.39498e+01	-1.44699e+01	
7	2.783623e-05	-5.17918e-01	-1.39498e+01	-1.44699e+01	
8	5.103494e-05	-5.17920e-01	-1.39498e+01	-1.44699e+01	
9	9.743235e-05	-5.17923e-01	-1.39498e+01	-1.44699e+01	
10	1.902272e-04	-5.17930e-01	-1.39498e+01	-1.44699e+01	
11	3.758169e-04	-5.17938e-01	-1.39498e+01	-1.44699e+01	
12	5.000000e-04	-5.17940e-01	-1.39498e+01	-1.44699e+01	
13	5.371179e-04	-5.17964e-01	-1.39498e+01	-1.44699e+01	
14	6.113538e-04	-5.17964e-01	-1.39498e+01	-1.44699e+01	
15	7.598255e-04	-5.17963e-01	-1.39498e+01	-1.44699e+01	
16	1.056769e-03	-5.17963e-01	-1.39498e+01	-1.44699e+01	
17	1.650656e-03	-5.17961e-01	-1.39498e+01	-1.44699e+01	
18	2.650656e-03	-5.17960e-01	-1.39498e+01	-1.44699e+01	
19	3.650656e-03	-5.17958e-01	-1.39498e+01	-1.44699e+01	
20	4.650656e-03	-5.17959e-01	-1.39498e+01	-1.44699e+01	
21	5.650656e-03	-5.17958e-01	-1.39498e+01	-1.44699e+01	
22	6.650656e-03	-5.17958e-01	-1.39498e+01	-1.44699e+01	
23	7.650656e-03	-5.17958e-01	-1.39498e+01	-1.44699e+01	
24	8.650656e-03	-5.17958e-01	-1.39498e+01	-1.44699e+01	
25	9.650656e-03	-5.17958e-01	-1.39498e+01	-1.44699e+01	
26	1.065066e-02	-5.17958e-01	-1.39498e+01	-1.44699e+01	
27	1.165066e-02	-5.17958e-01	-1.39498e+01	-1.44699e+01	
28	1.265066e-02	-5.17958e-01	-1.39498e+01	-1.44699e+01	
29	1.365066e-02	-5.17958e-01	-1.39498e+01	-1.44699e+01	
30	1.465066e-02	-5.17958e-01	-1.39498e+01	-1.44699e+01	
31	1.565066e-02	-5.17958e-01	-1.39498e+01	-1.44699e+01	
32	1.665066e-02	-5.17958e-01	-1.39498e+01	-1.44699e+01	
33	1.765066e-02	-5.17958e-01	-1.39498e+01	-1.44699e+01	
34	1.865066e-02	-5.17958e-01	-1.39498e+01	-1.44699e+01	
35	1.965066e-02	-5.17958e-01	-1.39498e+01	-1.44699e+01	
36	2.065066e-02	-5.17958e-01	-1.39498e+01	-1.44699e+01	
37	2.165066e-02	-5.17958e-01	-1.39498e+01	-1.44699e+01	
38	2.265066e-02	-5.17958e-01	-1.39498e+01	-1.44699e+01	
39	2.365066e-02	-5.17958e-01	-1.39498e+01	-1.44699e+01	
40	2.465066e-02	-5.17958e-01	-1.39498e+01	-1.44699e+01	
41	2.500000e-02	-5.17958e-01	-1.39498e+01	-1.44699e+01	
42	2.505000e-02	-5.18032e-01	-1.39497e+01	-1.44698e+01	
43	2.515000e-02	-5.17998e-01	-1.39498e+01	-1.44698e+01	
44	2.535000e-02	-5.17996e-01	-1.39498e+01	-1.44698e+01	
45	2.550000e-02	-5.17981e-01	-1.39498e+01	-1.44698e+01	
46	2.552889e-02	-5.17949e-01	-1.39498e+01	-1.44699e+01	
47	2.558668e-02	-5.17947e-01	-1.39498e+01	-1.44699e+01	
48	2.570226e-02	-5.17950e-01	-1.39498e+01	-1.44699e+01	
49	2.593342e-02	-5.17950e-01	-1.39498e+01	-1.44699e+01	
50	2.639573e-02	-5.17953e-01	-1.39498e+01	-1.44699e+01	
51	2.709043e-02	-5.17953e-01	-1.39498e+01	-1.44699e+01	
52	2.794021e-02	-5.17957e-01	-1.39498e+01	-1.44699e+01	
53	2.894021e-02	-5.17957e-01	-1.39498e+01	-1.44699e+01	
54	2.994021e-02	-5.17959e-01	-1.39498e+01	-1.44699e+01	

Index   time            x1.net-_q2-pad3 x1.net-_q3-pad2 x1.net-_q3-pad3 
--------------------------------------------------------------------------------
55	3.094021e-02	-5.17957e-01	-1.39498e+01	-1.44699e+01	
56	3.194021e-02	-5.17959e-01	-1.39498e+01	-1.44699e+01	
57	3.294021e-02	-5.17957e-01	-1.39498e+01	-1.44699e+01	
58	3.394021e-02	-5.17959e-01	-1.39498e+01	-1.44699e+01	
59	3.494021e-02	-5.17957e-01	-1.39498e+01	-1.44699e+01	
60	3.594021e-02	-5.17959e-01	-1.39498e+01	-1.44699e+01	
61	3.694021e-02	-5.17957e-01	-1.39498e+01	-1.44699e+01	
62	3.794021e-02	-5.17959e-01	-1.39498e+01	-1.44699e+01	
63	3.894021e-02	-5.17957e-01	-1.39498e+01	-1.44699e+01	
64	3.994021e-02	-5.17959e-01	-1.39498e+01	-1.44699e+01	
65	4.094021e-02	-5.17957e-01	-1.39498e+01	-1.44699e+01	
66	4.194021e-02	-5.17959e-01	-1.39498e+01	-1.44699e+01	
67	4.294021e-02	-5.17957e-01	-1.39498e+01	-1.44699e+01	
68	4.394021e-02	-5.17959e-01	-1.39498e+01	-1.44699e+01	
69	4.494021e-02	-5.17957e-01	-1.39498e+01	-1.44699e+01	
70	4.594021e-02	-5.17959e-01	-1.39498e+01	-1.44699e+01	
71	4.694021e-02	-5.17957e-01	-1.39498e+01	-1.44699e+01	
72	4.794021e-02	-5.17959e-01	-1.39498e+01	-1.44699e+01	
73	4.894021e-02	-5.17957e-01	-1.39498e+01	-1.44699e+01	
74	4.994021e-02	-5.17959e-01	-1.39498e+01	-1.44699e+01	
75	5.000000e-02	-5.17957e-01	-1.39498e+01	-1.44699e+01	
76	5.002600e-02	-5.17880e-01	-1.39498e+01	-1.44699e+01	
77	5.007799e-02	-5.17895e-01	-1.39498e+01	-1.44699e+01	
78	5.018197e-02	-5.17915e-01	-1.39498e+01	-1.44699e+01	
79	5.038993e-02	-5.17923e-01	-1.39498e+01	-1.44699e+01	
80	5.050000e-02	-5.17928e-01	-1.39498e+01	-1.44699e+01	
81	5.052946e-02	-5.17967e-01	-1.39498e+01	-1.44699e+01	
82	5.058838e-02	-5.17967e-01	-1.39498e+01	-1.44699e+01	
83	5.070623e-02	-5.17966e-01	-1.39498e+01	-1.44699e+01	
84	5.094191e-02	-5.17965e-01	-1.39498e+01	-1.44699e+01	
85	5.141328e-02	-5.17963e-01	-1.39498e+01	-1.44699e+01	
86	5.210795e-02	-5.17962e-01	-1.39498e+01	-1.44699e+01	
87	5.296637e-02	-5.17960e-01	-1.39498e+01	-1.44699e+01	
88	5.396637e-02	-5.17959e-01	-1.39498e+01	-1.44699e+01	
89	5.496637e-02	-5.17958e-01	-1.39498e+01	-1.44699e+01	
90	5.596637e-02	-5.17959e-01	-1.39498e+01	-1.44699e+01	
91	5.696637e-02	-5.17958e-01	-1.39498e+01	-1.44699e+01	
92	5.796637e-02	-5.17959e-01	-1.39498e+01	-1.44699e+01	
93	5.896637e-02	-5.17958e-01	-1.39498e+01	-1.44699e+01	
94	5.996637e-02	-5.17959e-01	-1.39498e+01	-1.44699e+01	
95	6.096637e-02	-5.17958e-01	-1.39498e+01	-1.44699e+01	
96	6.196637e-02	-5.17959e-01	-1.39498e+01	-1.44699e+01	
97	6.296637e-02	-5.17958e-01	-1.39498e+01	-1.44699e+01	
98	6.396637e-02	-5.17959e-01	-1.39498e+01	-1.44699e+01	
99	6.496637e-02	-5.17958e-01	-1.39498e+01	-1.44699e+01	
100	6.596637e-02	-5.17959e-01	-1.39498e+01	-1.44699e+01	
101	6.696637e-02	-5.17958e-01	-1.39498e+01	-1.44699e+01	
102	6.796637e-02	-5.17959e-01	-1.39498e+01	-1.44699e+01	
103	6.896637e-02	-5.17958e-01	-1.39498e+01	-1.44699e+01	
104	6.996637e-02	-5.17959e-01	-1.39498e+01	-1.44699e+01	
105	7.096637e-02	-5.17958e-01	-1.39498e+01	-1.44699e+01	
106	7.196637e-02	-5.17959e-01	-1.39498e+01	-1.44699e+01	
107	7.296637e-02	-5.17958e-01	-1.39498e+01	-1.44699e+01	
108	7.396637e-02	-5.17959e-01	-1.39498e+01	-1.44699e+01	
109	7.496637e-02	-5.17958e-01	-1.39498e+01	-1.44699e+01	
110	7.500000e-02	-5.17959e-01	-1.39498e+01	-1.44699e+01	
111	7.502283e-02	-5.18036e-01	-1.39497e+01	-1.44698e+01	
112	7.506848e-02	-5.18021e-01	-1.39497e+01	-1.44698e+01	

Index   time            x1.net-_q2-pad3 x1.net-_q3-pad2 x1.net-_q3-pad3 
--------------------------------------------------------------------------------
113	7.515647e-02	-5.18002e-01	-1.39498e+01	-1.44698e+01	
114	7.533246e-02	-5.17992e-01	-1.39498e+01	-1.44698e+01	
115	7.550000e-02	-5.17986e-01	-1.39498e+01	-1.44698e+01	
116	7.552790e-02	-5.17949e-01	-1.39498e+01	-1.44699e+01	
117	7.558369e-02	-5.17947e-01	-1.39498e+01	-1.44699e+01	
118	7.569527e-02	-5.17950e-01	-1.39498e+01	-1.44699e+01	
119	7.591845e-02	-5.17949e-01	-1.39498e+01	-1.44699e+01	
120	7.636479e-02	-5.17953e-01	-1.39498e+01	-1.44699e+01	
121	7.705953e-02	-5.17953e-01	-1.39498e+01	-1.44699e+01	
122	7.789154e-02	-5.17957e-01	-1.39498e+01	-1.44699e+01	
123	7.889154e-02	-5.17957e-01	-1.39498e+01	-1.44699e+01	
124	7.989154e-02	-5.17959e-01	-1.39498e+01	-1.44699e+01	
125	8.089154e-02	-5.17957e-01	-1.39498e+01	-1.44699e+01	
126	8.189154e-02	-5.17959e-01	-1.39498e+01	-1.44699e+01	
127	8.289154e-02	-5.17957e-01	-1.39498e+01	-1.44699e+01	
128	8.389154e-02	-5.17959e-01	-1.39498e+01	-1.44699e+01	
129	8.489154e-02	-5.17957e-01	-1.39498e+01	-1.44699e+01	
130	8.589154e-02	-5.17959e-01	-1.39498e+01	-1.44699e+01	
131	8.689154e-02	-5.17957e-01	-1.39498e+01	-1.44699e+01	
132	8.789154e-02	-5.17959e-01	-1.39498e+01	-1.44699e+01	
133	8.889154e-02	-5.17957e-01	-1.39498e+01	-1.44699e+01	
134	8.989154e-02	-5.17959e-01	-1.39498e+01	-1.44699e+01	
135	9.089154e-02	-5.17957e-01	-1.39498e+01	-1.44699e+01	
136	9.189154e-02	-5.17959e-01	-1.39498e+01	-1.44699e+01	
137	9.289154e-02	-5.17957e-01	-1.39498e+01	-1.44699e+01	
138	9.389154e-02	-5.17959e-01	-1.39498e+01	-1.44699e+01	
139	9.489154e-02	-5.17957e-01	-1.39498e+01	-1.44699e+01	
140	9.589154e-02	-5.17959e-01	-1.39498e+01	-1.44699e+01	
141	9.689154e-02	-5.17957e-01	-1.39498e+01	-1.44699e+01	
142	9.789154e-02	-5.17959e-01	-1.39498e+01	-1.44699e+01	
143	9.889154e-02	-5.17957e-01	-1.39498e+01	-1.44699e+01	
144	9.989154e-02	-5.17959e-01	-1.39498e+01	-1.44699e+01	
145	1.000000e-01	-5.17957e-01	-1.39498e+01	-1.44699e+01	

    * /home/saurabh/desktop/esim/examples/differentiator/differentiator.cir
    Transient Analysis  Fri Aug 27 15:21:30  2021
--------------------------------------------------------------------------------
Index   time            x1.net-_q10-pad x1.net-_q12-pad x1.net-_q13-pad 
--------------------------------------------------------------------------------
0	0.000000e+00	1.435689e+01	-1.43583e+01	-1.03665e+00	
1	5.000000e-06	1.435689e+01	-1.43583e+01	-1.03662e+00	
2	5.362480e-06	1.435689e+01	-1.43583e+01	-1.03662e+00	
3	6.087439e-06	1.435689e+01	-1.43583e+01	-1.03662e+00	
4	7.537359e-06	1.435689e+01	-1.43583e+01	-1.03662e+00	
5	1.043720e-05	1.435689e+01	-1.43583e+01	-1.03662e+00	
6	1.623687e-05	1.435689e+01	-1.43583e+01	-1.03662e+00	
7	2.783623e-05	1.435689e+01	-1.43583e+01	-1.03662e+00	
8	5.103494e-05	1.435689e+01	-1.43583e+01	-1.03662e+00	
9	9.743235e-05	1.435689e+01	-1.43583e+01	-1.03662e+00	
10	1.902272e-04	1.435689e+01	-1.43583e+01	-1.03663e+00	
11	3.758169e-04	1.435689e+01	-1.43583e+01	-1.03663e+00	
12	5.000000e-04	1.435689e+01	-1.43583e+01	-1.03663e+00	
13	5.371179e-04	1.435689e+01	-1.43583e+01	-1.03665e+00	
14	6.113538e-04	1.435689e+01	-1.43583e+01	-1.03665e+00	
15	7.598255e-04	1.435689e+01	-1.43583e+01	-1.03665e+00	
16	1.056769e-03	1.435689e+01	-1.43583e+01	-1.03665e+00	
17	1.650656e-03	1.435689e+01	-1.43583e+01	-1.03665e+00	
18	2.650656e-03	1.435689e+01	-1.43583e+01	-1.03665e+00	
19	3.650656e-03	1.435689e+01	-1.43583e+01	-1.03665e+00	
20	4.650656e-03	1.435689e+01	-1.43583e+01	-1.03665e+00	
21	5.650656e-03	1.435689e+01	-1.43583e+01	-1.03664e+00	
22	6.650656e-03	1.435689e+01	-1.43583e+01	-1.03665e+00	
23	7.650656e-03	1.435689e+01	-1.43583e+01	-1.03664e+00	
24	8.650656e-03	1.435689e+01	-1.43583e+01	-1.03665e+00	
25	9.650656e-03	1.435689e+01	-1.43583e+01	-1.03664e+00	
26	1.065066e-02	1.435689e+01	-1.43583e+01	-1.03665e+00	
27	1.165066e-02	1.435689e+01	-1.43583e+01	-1.03664e+00	
28	1.265066e-02	1.435689e+01	-1.43583e+01	-1.03665e+00	
29	1.365066e-02	1.435689e+01	-1.43583e+01	-1.03664e+00	
30	1.465066e-02	1.435689e+01	-1.43583e+01	-1.03665e+00	
31	1.565066e-02	1.435689e+01	-1.43583e+01	-1.03664e+00	
32	1.665066e-02	1.435689e+01	-1.43583e+01	-1.03665e+00	
33	1.765066e-02	1.435689e+01	-1.43583e+01	-1.03664e+00	
34	1.865066e-02	1.435689e+01	-1.43583e+01	-1.03665e+00	
35	1.965066e-02	1.435689e+01	-1.43583e+01	-1.03664e+00	
36	2.065066e-02	1.435689e+01	-1.43583e+01	-1.03665e+00	
37	2.165066e-02	1.435689e+01	-1.43583e+01	-1.03664e+00	
38	2.265066e-02	1.435689e+01	-1.43583e+01	-1.03665e+00	
39	2.365066e-02	1.435689e+01	-1.43583e+01	-1.03664e+00	
40	2.465066e-02	1.435689e+01	-1.43583e+01	-1.03665e+00	
41	2.500000e-02	1.435689e+01	-1.43583e+01	-1.03664e+00	
42	2.505000e-02	1.435689e+01	-1.43583e+01	-1.03669e+00	
43	2.515000e-02	1.435689e+01	-1.43583e+01	-1.03667e+00	
44	2.535000e-02	1.435689e+01	-1.43583e+01	-1.03667e+00	
45	2.550000e-02	1.435689e+01	-1.43583e+01	-1.03666e+00	
46	2.552889e-02	1.435689e+01	-1.43583e+01	-1.03664e+00	
47	2.558668e-02	1.435689e+01	-1.43583e+01	-1.03664e+00	
48	2.570226e-02	1.435689e+01	-1.43583e+01	-1.03664e+00	
49	2.593342e-02	1.435689e+01	-1.43583e+01	-1.03664e+00	
50	2.639573e-02	1.435689e+01	-1.43583e+01	-1.03664e+00	
51	2.709043e-02	1.435689e+01	-1.43583e+01	-1.03664e+00	
52	2.794021e-02	1.435689e+01	-1.43583e+01	-1.03664e+00	
53	2.894021e-02	1.435689e+01	-1.43583e+01	-1.03664e+00	
54	2.994021e-02	1.435689e+01	-1.43583e+01	-1.03665e+00	

Index   time            x1.net-_q10-pad x1.net-_q12-pad x1.net-_q13-pad 
--------------------------------------------------------------------------------
55	3.094021e-02	1.435689e+01	-1.43583e+01	-1.03664e+00	
56	3.194021e-02	1.435689e+01	-1.43583e+01	-1.03665e+00	
57	3.294021e-02	1.435689e+01	-1.43583e+01	-1.03664e+00	
58	3.394021e-02	1.435689e+01	-1.43583e+01	-1.03665e+00	
59	3.494021e-02	1.435689e+01	-1.43583e+01	-1.03664e+00	
60	3.594021e-02	1.435689e+01	-1.43583e+01	-1.03665e+00	
61	3.694021e-02	1.435689e+01	-1.43583e+01	-1.03664e+00	
62	3.794021e-02	1.435689e+01	-1.43583e+01	-1.03665e+00	
63	3.894021e-02	1.435689e+01	-1.43583e+01	-1.03664e+00	
64	3.994021e-02	1.435689e+01	-1.43583e+01	-1.03665e+00	
65	4.094021e-02	1.435689e+01	-1.43583e+01	-1.03664e+00	
66	4.194021e-02	1.435689e+01	-1.43583e+01	-1.03665e+00	
67	4.294021e-02	1.435689e+01	-1.43583e+01	-1.03664e+00	
68	4.394021e-02	1.435689e+01	-1.43583e+01	-1.03665e+00	
69	4.494021e-02	1.435689e+01	-1.43583e+01	-1.03664e+00	
70	4.594021e-02	1.435689e+01	-1.43583e+01	-1.03665e+00	
71	4.694021e-02	1.435689e+01	-1.43583e+01	-1.03664e+00	
72	4.794021e-02	1.435689e+01	-1.43583e+01	-1.03665e+00	
73	4.894021e-02	1.435689e+01	-1.43583e+01	-1.03664e+00	
74	4.994021e-02	1.435689e+01	-1.43583e+01	-1.03665e+00	
75	5.000000e-02	1.435689e+01	-1.43583e+01	-1.03664e+00	
76	5.002600e-02	1.435689e+01	-1.43583e+01	-1.03659e+00	
77	5.007799e-02	1.435689e+01	-1.43583e+01	-1.03660e+00	
78	5.018197e-02	1.435689e+01	-1.43583e+01	-1.03662e+00	
79	5.038993e-02	1.435689e+01	-1.43583e+01	-1.03662e+00	
80	5.050000e-02	1.435689e+01	-1.43583e+01	-1.03662e+00	
81	5.052946e-02	1.435689e+01	-1.43583e+01	-1.03665e+00	
82	5.058838e-02	1.435689e+01	-1.43583e+01	-1.03665e+00	
83	5.070623e-02	1.435689e+01	-1.43583e+01	-1.03665e+00	
84	5.094191e-02	1.435689e+01	-1.43583e+01	-1.03665e+00	
85	5.141328e-02	1.435689e+01	-1.43583e+01	-1.03665e+00	
86	5.210795e-02	1.435689e+01	-1.43583e+01	-1.03665e+00	
87	5.296637e-02	1.435689e+01	-1.43583e+01	-1.03665e+00	
88	5.396637e-02	1.435689e+01	-1.43583e+01	-1.03665e+00	
89	5.496637e-02	1.435689e+01	-1.43583e+01	-1.03665e+00	
90	5.596637e-02	1.435689e+01	-1.43583e+01	-1.03665e+00	
91	5.696637e-02	1.435689e+01	-1.43583e+01	-1.03664e+00	
92	5.796637e-02	1.435689e+01	-1.43583e+01	-1.03665e+00	
93	5.896637e-02	1.435689e+01	-1.43583e+01	-1.03664e+00	
94	5.996637e-02	1.435689e+01	-1.43583e+01	-1.03665e+00	
95	6.096637e-02	1.435689e+01	-1.43583e+01	-1.03664e+00	
96	6.196637e-02	1.435689e+01	-1.43583e+01	-1.03665e+00	
97	6.296637e-02	1.435689e+01	-1.43583e+01	-1.03664e+00	
98	6.396637e-02	1.435689e+01	-1.43583e+01	-1.03665e+00	
99	6.496637e-02	1.435689e+01	-1.43583e+01	-1.03664e+00	
100	6.596637e-02	1.435689e+01	-1.43583e+01	-1.03665e+00	
101	6.696637e-02	1.435689e+01	-1.43583e+01	-1.03664e+00	
102	6.796637e-02	1.435689e+01	-1.43583e+01	-1.03665e+00	
103	6.896637e-02	1.435689e+01	-1.43583e+01	-1.03664e+00	
104	6.996637e-02	1.435689e+01	-1.43583e+01	-1.03665e+00	
105	7.096637e-02	1.435689e+01	-1.43583e+01	-1.03664e+00	
106	7.196637e-02	1.435689e+01	-1.43583e+01	-1.03665e+00	
107	7.296637e-02	1.435689e+01	-1.43583e+01	-1.03664e+00	
108	7.396637e-02	1.435689e+01	-1.43583e+01	-1.03665e+00	
109	7.496637e-02	1.435689e+01	-1.43583e+01	-1.03664e+00	
110	7.500000e-02	1.435689e+01	-1.43583e+01	-1.03665e+00	
111	7.502283e-02	1.435689e+01	-1.43583e+01	-1.03670e+00	
112	7.506848e-02	1.435689e+01	-1.43583e+01	-1.03669e+00	

Index   time            x1.net-_q10-pad x1.net-_q12-pad x1.net-_q13-pad 
--------------------------------------------------------------------------------
113	7.515647e-02	1.435689e+01	-1.43583e+01	-1.03667e+00	
114	7.533246e-02	1.435689e+01	-1.43583e+01	-1.03667e+00	
115	7.550000e-02	1.435689e+01	-1.43583e+01	-1.03666e+00	
116	7.552790e-02	1.435689e+01	-1.43583e+01	-1.03664e+00	
117	7.558369e-02	1.435689e+01	-1.43583e+01	-1.03664e+00	
118	7.569527e-02	1.435689e+01	-1.43583e+01	-1.03664e+00	
119	7.591845e-02	1.435689e+01	-1.43583e+01	-1.03664e+00	
120	7.636479e-02	1.435689e+01	-1.43583e+01	-1.03664e+00	
121	7.705953e-02	1.435689e+01	-1.43583e+01	-1.03664e+00	
122	7.789154e-02	1.435689e+01	-1.43583e+01	-1.03664e+00	
123	7.889154e-02	1.435689e+01	-1.43583e+01	-1.03664e+00	
124	7.989154e-02	1.435689e+01	-1.43583e+01	-1.03665e+00	
125	8.089154e-02	1.435689e+01	-1.43583e+01	-1.03664e+00	
126	8.189154e-02	1.435689e+01	-1.43583e+01	-1.03665e+00	
127	8.289154e-02	1.435689e+01	-1.43583e+01	-1.03664e+00	
128	8.389154e-02	1.435689e+01	-1.43583e+01	-1.03665e+00	
129	8.489154e-02	1.435689e+01	-1.43583e+01	-1.03664e+00	
130	8.589154e-02	1.435689e+01	-1.43583e+01	-1.03665e+00	
131	8.689154e-02	1.435689e+01	-1.43583e+01	-1.03664e+00	
132	8.789154e-02	1.435689e+01	-1.43583e+01	-1.03665e+00	
133	8.889154e-02	1.435689e+01	-1.43583e+01	-1.03664e+00	
134	8.989154e-02	1.435689e+01	-1.43583e+01	-1.03665e+00	
135	9.089154e-02	1.435689e+01	-1.43583e+01	-1.03664e+00	
136	9.189154e-02	1.435689e+01	-1.43583e+01	-1.03665e+00	
137	9.289154e-02	1.435689e+01	-1.43583e+01	-1.03664e+00	
138	9.389154e-02	1.435689e+01	-1.43583e+01	-1.03665e+00	
139	9.489154e-02	1.435689e+01	-1.43583e+01	-1.03664e+00	
140	9.589154e-02	1.435689e+01	-1.43583e+01	-1.03665e+00	
141	9.689154e-02	1.435689e+01	-1.43583e+01	-1.03664e+00	
142	9.789154e-02	1.435689e+01	-1.43583e+01	-1.03665e+00	
143	9.889154e-02	1.435689e+01	-1.43583e+01	-1.03664e+00	
144	9.989154e-02	1.435689e+01	-1.43583e+01	-1.03665e+00	
145	1.000000e-01	1.435689e+01	-1.43583e+01	-1.03664e+00	

    * /home/saurabh/desktop/esim/examples/differentiator/differentiator.cir
    Transient Analysis  Fri Aug 27 15:21:30  2021
--------------------------------------------------------------------------------
Index   time            x1.net-_q13-pad x1.net-_q14-pad x1.net-_q14-pad 
--------------------------------------------------------------------------------
0	0.000000e+00	-1.48988e+01	1.127586e-01	-5.28047e-01	
1	5.000000e-06	-1.48988e+01	1.114045e-01	-5.29402e-01	
2	5.362480e-06	-1.48988e+01	1.113023e-01	-5.29504e-01	
3	6.087439e-06	-1.48988e+01	1.110947e-01	-5.29712e-01	
4	7.537359e-06	-1.48988e+01	1.106731e-01	-5.30134e-01	
5	1.043720e-05	-1.48988e+01	1.098318e-01	-5.30976e-01	
6	1.623687e-05	-1.48988e+01	1.081569e-01	-5.32652e-01	
7	2.783623e-05	-1.48988e+01	1.048437e-01	-5.35967e-01	
8	5.103494e-05	-1.48988e+01	9.840276e-02	-5.42411e-01	
9	9.743235e-05	-1.48988e+01	8.645447e-02	-5.54365e-01	
10	1.902272e-04	-1.48988e+01	6.649589e-02	-5.74332e-01	
11	3.758169e-04	-1.48988e+01	3.744749e-02	-6.03392e-01	
12	5.000000e-04	-1.48988e+01	2.295440e-02	-6.17891e-01	
13	5.371179e-04	-1.48988e+01	2.538350e-02	-6.15461e-01	
14	6.113538e-04	-1.48988e+01	3.024011e-02	-6.10602e-01	
15	7.598255e-04	-1.48988e+01	3.927602e-02	-6.01563e-01	
16	1.056769e-03	-1.48988e+01	5.497890e-02	-5.85854e-01	
17	1.650656e-03	-1.48988e+01	7.872852e-02	-5.62094e-01	
18	2.650656e-03	-1.48988e+01	1.008885e-01	-5.39923e-01	
19	3.650656e-03	-1.48988e+01	1.087875e-01	-5.32020e-01	
20	4.650656e-03	-1.48988e+01	1.114344e-01	-5.29372e-01	
21	5.650656e-03	-1.48988e+01	1.123203e-01	-5.28486e-01	
22	6.650656e-03	-1.48988e+01	1.126111e-01	-5.28194e-01	
23	7.650656e-03	-1.48988e+01	1.127104e-01	-5.28095e-01	
24	8.650656e-03	-1.48988e+01	1.127416e-01	-5.28064e-01	
25	9.650656e-03	-1.48988e+01	1.127539e-01	-5.28052e-01	
26	1.065066e-02	-1.48988e+01	1.127561e-01	-5.28049e-01	
27	1.165066e-02	-1.48988e+01	1.127587e-01	-5.28047e-01	
28	1.265066e-02	-1.48988e+01	1.127577e-01	-5.28048e-01	
29	1.365066e-02	-1.48988e+01	1.127593e-01	-5.28046e-01	
30	1.465066e-02	-1.48988e+01	1.127579e-01	-5.28048e-01	
31	1.565066e-02	-1.48988e+01	1.127593e-01	-5.28046e-01	
32	1.665066e-02	-1.48988e+01	1.127579e-01	-5.28048e-01	
33	1.765066e-02	-1.48988e+01	1.127593e-01	-5.28046e-01	
34	1.865066e-02	-1.48988e+01	1.127579e-01	-5.28048e-01	
35	1.965066e-02	-1.48988e+01	1.127593e-01	-5.28046e-01	
36	2.065066e-02	-1.48988e+01	1.127579e-01	-5.28048e-01	
37	2.165066e-02	-1.48988e+01	1.127593e-01	-5.28046e-01	
38	2.265066e-02	-1.48988e+01	1.127580e-01	-5.28048e-01	
39	2.365066e-02	-1.48988e+01	1.127593e-01	-5.28046e-01	
40	2.465066e-02	-1.48988e+01	1.127580e-01	-5.28048e-01	
41	2.500000e-02	-1.48988e+01	1.127593e-01	-5.28046e-01	
42	2.505000e-02	-1.48988e+01	1.390626e-01	-5.01726e-01	
43	2.515000e-02	-1.48988e+01	1.787562e-01	-4.62004e-01	
44	2.535000e-02	-1.48988e+01	2.302003e-01	-4.10516e-01	
45	2.550000e-02	-1.48988e+01	2.583600e-01	-3.82330e-01	
46	2.552889e-02	-1.48988e+01	2.554168e-01	-3.85277e-01	
47	2.558668e-02	-1.48988e+01	2.493146e-01	-3.91384e-01	
48	2.570226e-02	-1.48988e+01	2.380211e-01	-4.02688e-01	
49	2.593342e-02	-1.48988e+01	2.180853e-01	-4.22642e-01	
50	2.639573e-02	-1.48988e+01	1.863891e-01	-4.54366e-01	
51	2.709043e-02	-1.48988e+01	1.535009e-01	-4.87279e-01	
52	2.794021e-02	-1.48988e+01	1.304757e-01	-5.10320e-01	
53	2.894021e-02	-1.48988e+01	1.187958e-01	-5.22006e-01	
54	2.994021e-02	-1.48988e+01	1.147753e-01	-5.26029e-01	

Index   time            x1.net-_q13-pad x1.net-_q14-pad x1.net-_q14-pad 
--------------------------------------------------------------------------------
55	3.094021e-02	-1.48988e+01	1.134364e-01	-5.27369e-01	
56	3.194021e-02	-1.48988e+01	1.129809e-01	-5.27825e-01	
57	3.294021e-02	-1.48988e+01	1.128362e-01	-5.27969e-01	
58	3.394021e-02	-1.48988e+01	1.127810e-01	-5.28025e-01	
59	3.494021e-02	-1.48988e+01	1.127696e-01	-5.28036e-01	
60	3.594021e-02	-1.48988e+01	1.127588e-01	-5.28047e-01	
61	3.694021e-02	-1.48988e+01	1.127622e-01	-5.28043e-01	
62	3.794021e-02	-1.48988e+01	1.127564e-01	-5.28049e-01	
63	3.894021e-02	-1.48988e+01	1.127613e-01	-5.28044e-01	
64	3.994021e-02	-1.48988e+01	1.127561e-01	-5.28049e-01	
65	4.094021e-02	-1.48988e+01	1.127612e-01	-5.28044e-01	
66	4.194021e-02	-1.48988e+01	1.127561e-01	-5.28049e-01	
67	4.294021e-02	-1.48988e+01	1.127612e-01	-5.28044e-01	
68	4.394021e-02	-1.48988e+01	1.127561e-01	-5.28049e-01	
69	4.494021e-02	-1.48988e+01	1.127612e-01	-5.28044e-01	
70	4.594021e-02	-1.48988e+01	1.127561e-01	-5.28049e-01	
71	4.694021e-02	-1.48988e+01	1.127612e-01	-5.28044e-01	
72	4.794021e-02	-1.48988e+01	1.127561e-01	-5.28049e-01	
73	4.894021e-02	-1.48988e+01	1.127612e-01	-5.28044e-01	
74	4.994021e-02	-1.48988e+01	1.127561e-01	-5.28049e-01	
75	5.000000e-02	-1.48988e+01	1.127611e-01	-5.28044e-01	
76	5.002600e-02	-1.48988e+01	9.824145e-02	-5.42572e-01	
77	5.007799e-02	-1.48988e+01	7.217435e-02	-5.68652e-01	
78	5.018197e-02	-1.48988e+01	3.403811e-02	-6.06803e-01	
79	5.038993e-02	-1.48988e+01	-1.77217e-02	-6.58583e-01	
80	5.050000e-02	-1.48988e+01	-3.85624e-02	-6.79432e-01	
81	5.052946e-02	-1.48988e+01	-3.53618e-02	-6.76230e-01	
82	5.058838e-02	-1.48988e+01	-2.89576e-02	-6.69823e-01	
83	5.070623e-02	-1.48988e+01	-1.69686e-02	-6.57830e-01	
84	5.094191e-02	-1.48988e+01	4.143977e-03	-6.36709e-01	
85	5.141328e-02	-1.48988e+01	3.756779e-02	-6.03272e-01	
86	5.210795e-02	-1.48988e+01	7.149854e-02	-5.69327e-01	
87	5.296637e-02	-1.48988e+01	9.523792e-02	-5.45577e-01	
88	5.396637e-02	-1.48988e+01	1.068535e-01	-5.33955e-01	
89	5.496637e-02	-1.48988e+01	1.107912e-01	-5.30015e-01	
90	5.596637e-02	-1.48988e+01	1.121020e-01	-5.28704e-01	
91	5.696637e-02	-1.48988e+01	1.125413e-01	-5.28264e-01	
92	5.796637e-02	-1.48988e+01	1.126850e-01	-5.28121e-01	
93	5.896637e-02	-1.48988e+01	1.127352e-01	-5.28070e-01	
94	5.996637e-02	-1.48988e+01	1.127497e-01	-5.28056e-01	
95	6.096637e-02	-1.48988e+01	1.127568e-01	-5.28049e-01	
96	6.196637e-02	-1.48988e+01	1.127569e-01	-5.28049e-01	
97	6.296637e-02	-1.48988e+01	1.127592e-01	-5.28046e-01	
98	6.396637e-02	-1.48988e+01	1.127577e-01	-5.28048e-01	
99	6.496637e-02	-1.48988e+01	1.127594e-01	-5.28046e-01	
100	6.596637e-02	-1.48988e+01	1.127578e-01	-5.28048e-01	
101	6.696637e-02	-1.48988e+01	1.127595e-01	-5.28046e-01	
102	6.796637e-02	-1.48988e+01	1.127578e-01	-5.28048e-01	
103	6.896637e-02	-1.48988e+01	1.127595e-01	-5.28046e-01	
104	6.996637e-02	-1.48988e+01	1.127578e-01	-5.28048e-01	
105	7.096637e-02	-1.48988e+01	1.127595e-01	-5.28046e-01	
106	7.196637e-02	-1.48988e+01	1.127578e-01	-5.28048e-01	
107	7.296637e-02	-1.48988e+01	1.127595e-01	-5.28046e-01	
108	7.396637e-02	-1.48988e+01	1.127578e-01	-5.28048e-01	
109	7.496637e-02	-1.48988e+01	1.127595e-01	-5.28046e-01	
110	7.500000e-02	-1.48988e+01	1.127579e-01	-5.28048e-01	
111	7.502283e-02	-1.48988e+01	1.254039e-01	-5.15394e-01	
112	7.506848e-02	-1.48988e+01	1.482352e-01	-4.92548e-01	

Index   time            x1.net-_q13-pad x1.net-_q14-pad x1.net-_q14-pad 
--------------------------------------------------------------------------------
113	7.515647e-02	-1.48988e+01	1.810697e-01	-4.59689e-01	
114	7.533246e-02	-1.48988e+01	2.266172e-01	-4.14102e-01	
115	7.550000e-02	-1.48988e+01	2.584964e-01	-3.82194e-01	
116	7.552790e-02	-1.48988e+01	2.556545e-01	-3.85039e-01	
117	7.558369e-02	-1.48988e+01	2.497482e-01	-3.90950e-01	
118	7.569527e-02	-1.48988e+01	2.387943e-01	-4.01914e-01	
119	7.591845e-02	-1.48988e+01	2.193819e-01	-4.21345e-01	
120	7.636479e-02	-1.48988e+01	1.883074e-01	-4.52446e-01	
121	7.705953e-02	-1.48988e+01	1.546764e-01	-4.86103e-01	
122	7.789154e-02	-1.48988e+01	1.314281e-01	-5.09367e-01	
123	7.889154e-02	-1.48988e+01	1.191328e-01	-5.21669e-01	
124	7.989154e-02	-1.48988e+01	1.148886e-01	-5.25916e-01	
125	8.089154e-02	-1.48988e+01	1.134729e-01	-5.27332e-01	
126	8.189154e-02	-1.48988e+01	1.129935e-01	-5.27812e-01	
127	8.289154e-02	-1.48988e+01	1.128405e-01	-5.27965e-01	
128	8.389154e-02	-1.48988e+01	1.127823e-01	-5.28023e-01	
129	8.489154e-02	-1.48988e+01	1.127701e-01	-5.28035e-01	
130	8.589154e-02	-1.48988e+01	1.127589e-01	-5.28047e-01	
131	8.689154e-02	-1.48988e+01	1.127623e-01	-5.28043e-01	
132	8.789154e-02	-1.48988e+01	1.127563e-01	-5.28049e-01	
133	8.889154e-02	-1.48988e+01	1.127614e-01	-5.28044e-01	
134	8.989154e-02	-1.48988e+01	1.127560e-01	-5.28050e-01	
135	9.089154e-02	-1.48988e+01	1.127613e-01	-5.28044e-01	
136	9.189154e-02	-1.48988e+01	1.127560e-01	-5.28050e-01	
137	9.289154e-02	-1.48988e+01	1.127613e-01	-5.28044e-01	
138	9.389154e-02	-1.48988e+01	1.127560e-01	-5.28050e-01	
139	9.489154e-02	-1.48988e+01	1.127613e-01	-5.28044e-01	
140	9.589154e-02	-1.48988e+01	1.127560e-01	-5.28050e-01	
141	9.689154e-02	-1.48988e+01	1.127613e-01	-5.28044e-01	
142	9.789154e-02	-1.48988e+01	1.127560e-01	-5.28050e-01	
143	9.889154e-02	-1.48988e+01	1.127613e-01	-5.28044e-01	
144	9.989154e-02	-1.48988e+01	1.127560e-01	-5.28050e-01	
145	1.000000e-01	-1.48988e+01	1.127613e-01	-5.28044e-01	

    * /home/saurabh/desktop/esim/examples/differentiator/differentiator.cir
    Transient Analysis  Fri Aug 27 15:21:30  2021
--------------------------------------------------------------------------------
Index   time            x1.net-_q15-pad x1.net-_q15-pad x1.net-_q18-pad 
--------------------------------------------------------------------------------
0	0.000000e+00	-1.43216e+01	-1.49604e+01	1.373663e-03	
1	5.000000e-06	-1.43216e+01	-1.49604e+01	9.145831e-04	
2	5.362480e-06	-1.43216e+01	-1.49604e+01	8.798918e-04	
3	6.087439e-06	-1.43216e+01	-1.49604e+01	8.076827e-04	
4	7.537359e-06	-1.43216e+01	-1.49604e+01	6.600197e-04	
5	1.043720e-05	-1.43216e+01	-1.49604e+01	3.654291e-04	
6	1.623687e-05	-1.43216e+01	-1.49604e+01	-2.20800e-04	
7	2.783623e-05	-1.43216e+01	-1.49604e+01	-1.38157e-03	
8	5.103494e-05	-1.43216e+01	-1.49604e+01	-3.65734e-03	
9	9.743235e-05	-1.43215e+01	-1.49604e+01	-8.03457e-03	
10	1.902272e-04	-1.43215e+01	-1.49604e+01	-1.61573e-02	
11	3.758169e-04	-1.43214e+01	-1.49603e+01	-3.02594e-02	
12	5.000000e-04	-1.43213e+01	-1.49603e+01	-3.83012e-02	
13	5.371179e-04	-1.43213e+01	-1.49603e+01	-3.69218e-02	
14	6.113538e-04	-1.43213e+01	-1.49603e+01	-3.41986e-02	
15	7.598255e-04	-1.43214e+01	-1.49603e+01	-2.93133e-02	
16	1.056769e-03	-1.43214e+01	-1.49603e+01	-2.14310e-02	
17	1.650656e-03	-1.43215e+01	-1.49604e+01	-1.10484e-02	
18	2.650656e-03	-1.43216e+01	-1.49604e+01	-2.79194e-03	
19	3.650656e-03	-1.43216e+01	-1.49604e+01	-1.76212e-05	
20	4.650656e-03	-1.43216e+01	-1.49604e+01	9.090599e-04	
21	5.650656e-03	-1.43216e+01	-1.49604e+01	1.218921e-03	
22	6.650656e-03	-1.43216e+01	-1.49604e+01	1.321663e-03	
23	7.650656e-03	-1.43216e+01	-1.49604e+01	1.356822e-03	
24	8.650656e-03	-1.43216e+01	-1.49604e+01	1.367567e-03	
25	9.650656e-03	-1.43216e+01	-1.49604e+01	1.372114e-03	
26	1.065066e-02	-1.43216e+01	-1.49604e+01	1.372664e-03	
27	1.165066e-02	-1.43216e+01	-1.49604e+01	1.373811e-03	
28	1.265066e-02	-1.43216e+01	-1.49604e+01	1.373232e-03	
29	1.365066e-02	-1.43216e+01	-1.49604e+01	1.373999e-03	
30	1.465066e-02	-1.43216e+01	-1.49604e+01	1.373296e-03	
31	1.565066e-02	-1.43216e+01	-1.49604e+01	1.374019e-03	
32	1.665066e-02	-1.43216e+01	-1.49604e+01	1.373304e-03	
33	1.765066e-02	-1.43216e+01	-1.49604e+01	1.374020e-03	
34	1.865066e-02	-1.43216e+01	-1.49604e+01	1.373306e-03	
35	1.965066e-02	-1.43216e+01	-1.49604e+01	1.374019e-03	
36	2.065066e-02	-1.43216e+01	-1.49604e+01	1.373307e-03	
37	2.165066e-02	-1.43216e+01	-1.49604e+01	1.374018e-03	
38	2.265066e-02	-1.43216e+01	-1.49604e+01	1.373308e-03	
39	2.365066e-02	-1.43216e+01	-1.49604e+01	1.374017e-03	
40	2.465066e-02	-1.43216e+01	-1.49604e+01	1.373309e-03	
41	2.500000e-02	-1.43216e+01	-1.49604e+01	1.374015e-03	
42	2.505000e-02	-1.43217e+01	-1.49605e+01	1.111563e-02	
43	2.515000e-02	-1.43218e+01	-1.49605e+01	3.011321e-02	
44	2.535000e-02	-1.43219e+01	-1.49606e+01	6.297435e-02	
45	2.550000e-02	-1.43219e+01	-1.49606e+01	8.364439e-02	
46	2.552889e-02	-1.43219e+01	-1.49606e+01	8.136951e-02	
47	2.558668e-02	-1.43219e+01	-1.49606e+01	7.686380e-02	
48	2.570226e-02	-1.43219e+01	-1.49606e+01	6.858409e-02	
49	2.593342e-02	-1.43219e+01	-1.49606e+01	5.460833e-02	
50	2.639573e-02	-1.43218e+01	-1.49605e+01	3.453445e-02	
51	2.709043e-02	-1.43217e+01	-1.49605e+01	1.736301e-02	
52	2.794021e-02	-1.43217e+01	-1.49605e+01	7.792011e-03	
53	2.894021e-02	-1.43216e+01	-1.49604e+01	3.507982e-03	
54	2.994021e-02	-1.43216e+01	-1.49604e+01	2.082484e-03	

Index   time            x1.net-_q15-pad x1.net-_q15-pad x1.net-_q18-pad 
--------------------------------------------------------------------------------
55	3.094021e-02	-1.43216e+01	-1.49604e+01	1.610887e-03	
56	3.194021e-02	-1.43216e+01	-1.49604e+01	1.451113e-03	
57	3.294021e-02	-1.43216e+01	-1.49604e+01	1.401270e-03	
58	3.394021e-02	-1.43216e+01	-1.49604e+01	1.381095e-03	
59	3.494021e-02	-1.43216e+01	-1.49604e+01	1.377910e-03	
60	3.594021e-02	-1.43216e+01	-1.49604e+01	1.373312e-03	
61	3.694021e-02	-1.43216e+01	-1.49604e+01	1.375310e-03	
62	3.794021e-02	-1.43216e+01	-1.49604e+01	1.372450e-03	
63	3.894021e-02	-1.43216e+01	-1.49604e+01	1.375018e-03	
64	3.994021e-02	-1.43216e+01	-1.49604e+01	1.372358e-03	
65	4.094021e-02	-1.43216e+01	-1.49604e+01	1.374982e-03	
66	4.194021e-02	-1.43216e+01	-1.49604e+01	1.372351e-03	
67	4.294021e-02	-1.43216e+01	-1.49604e+01	1.374975e-03	
68	4.394021e-02	-1.43216e+01	-1.49604e+01	1.372354e-03	
69	4.494021e-02	-1.43216e+01	-1.49604e+01	1.374970e-03	
70	4.594021e-02	-1.43216e+01	-1.49604e+01	1.372357e-03	
71	4.694021e-02	-1.43216e+01	-1.49604e+01	1.374966e-03	
72	4.794021e-02	-1.43216e+01	-1.49604e+01	1.372361e-03	
73	4.894021e-02	-1.43216e+01	-1.49604e+01	1.374963e-03	
74	4.994021e-02	-1.43216e+01	-1.49604e+01	1.372365e-03	
75	5.000000e-02	-1.43216e+01	-1.49604e+01	1.374929e-03	
76	5.002600e-02	-1.43216e+01	-1.49604e+01	-3.69787e-03	
77	5.007799e-02	-1.43215e+01	-1.49604e+01	-1.37110e-02	
78	5.018197e-02	-1.43213e+01	-1.49603e+01	-3.21009e-02	
79	5.038993e-02	-1.43211e+01	-1.49602e+01	-6.35612e-02	
80	5.050000e-02	-1.43210e+01	-1.49601e+01	-7.76936e-02	
81	5.052946e-02	-1.43210e+01	-1.49601e+01	-7.54911e-02	
82	5.058838e-02	-1.43210e+01	-1.49601e+01	-7.11101e-02	
83	5.070623e-02	-1.43211e+01	-1.49602e+01	-6.30763e-02	
84	5.094191e-02	-1.43212e+01	-1.49602e+01	-4.95490e-02	
85	5.141328e-02	-1.43214e+01	-1.49603e+01	-3.02185e-02	
86	5.210795e-02	-1.43215e+01	-1.49604e+01	-1.40180e-02	
87	5.296637e-02	-1.43216e+01	-1.49604e+01	-4.80924e-03	
88	5.396637e-02	-1.43216e+01	-1.49604e+01	-6.94850e-04	
89	5.496637e-02	-1.43216e+01	-1.49604e+01	6.839416e-04	
90	5.596637e-02	-1.43216e+01	-1.49604e+01	1.143094e-03	
91	5.696637e-02	-1.43216e+01	-1.49604e+01	1.297292e-03	
92	5.796637e-02	-1.43216e+01	-1.49604e+01	1.347650e-03	
93	5.896637e-02	-1.43216e+01	-1.49604e+01	1.365565e-03	
94	5.996637e-02	-1.43216e+01	-1.49604e+01	1.370393e-03	
95	6.096637e-02	-1.43216e+01	-1.49604e+01	1.373143e-03	
96	6.196637e-02	-1.43216e+01	-1.49604e+01	1.372921e-03	
97	6.296637e-02	-1.43216e+01	-1.49604e+01	1.373984e-03	
98	6.396637e-02	-1.43216e+01	-1.49604e+01	1.373202e-03	
99	6.496637e-02	-1.43216e+01	-1.49604e+01	1.374076e-03	
100	6.596637e-02	-1.43216e+01	-1.49604e+01	1.373235e-03	
101	6.696637e-02	-1.43216e+01	-1.49604e+01	1.374085e-03	
102	6.796637e-02	-1.43216e+01	-1.49604e+01	1.373240e-03	
103	6.896637e-02	-1.43216e+01	-1.49604e+01	1.374085e-03	
104	6.996637e-02	-1.43216e+01	-1.49604e+01	1.373241e-03	
105	7.096637e-02	-1.43216e+01	-1.49604e+01	1.374084e-03	
106	7.196637e-02	-1.43216e+01	-1.49604e+01	1.373242e-03	
107	7.296637e-02	-1.43216e+01	-1.49604e+01	1.374083e-03	
108	7.396637e-02	-1.43216e+01	-1.49604e+01	1.373244e-03	
109	7.496637e-02	-1.43216e+01	-1.49604e+01	1.374081e-03	
110	7.500000e-02	-1.43216e+01	-1.49604e+01	1.373262e-03	
111	7.502283e-02	-1.43216e+01	-1.49605e+01	5.864798e-03	
112	7.506848e-02	-1.43217e+01	-1.49605e+01	1.494778e-02	

Index   time            x1.net-_q15-pad x1.net-_q15-pad x1.net-_q18-pad 
--------------------------------------------------------------------------------
113	7.515647e-02	-1.43218e+01	-1.49605e+01	3.143928e-02	
114	7.533246e-02	-1.43219e+01	-1.49606e+01	6.047048e-02	
115	7.550000e-02	-1.43219e+01	-1.49606e+01	8.374357e-02	
116	7.552790e-02	-1.43219e+01	-1.49606e+01	8.155041e-02	
117	7.558369e-02	-1.43219e+01	-1.49606e+01	7.718642e-02	
118	7.569527e-02	-1.43219e+01	-1.49606e+01	6.914329e-02	
119	7.591845e-02	-1.43219e+01	-1.49606e+01	5.548949e-02	
120	7.636479e-02	-1.43218e+01	-1.49605e+01	3.565984e-02	
121	7.705953e-02	-1.43217e+01	-1.49605e+01	1.790548e-02	
122	7.789154e-02	-1.43217e+01	-1.49605e+01	8.154767e-03	
123	7.889154e-02	-1.43216e+01	-1.49604e+01	3.628244e-03	
124	7.989154e-02	-1.43216e+01	-1.49604e+01	2.122400e-03	
125	8.089154e-02	-1.43216e+01	-1.49604e+01	1.624995e-03	
126	8.189154e-02	-1.43216e+01	-1.49604e+01	1.455481e-03	
127	8.289154e-02	-1.43216e+01	-1.49604e+01	1.402807e-03	
128	8.389154e-02	-1.43216e+01	-1.49604e+01	1.381530e-03	
129	8.489154e-02	-1.43216e+01	-1.49604e+01	1.378133e-03	
130	8.589154e-02	-1.43216e+01	-1.49604e+01	1.373308e-03	
131	8.689154e-02	-1.43216e+01	-1.49604e+01	1.375387e-03	
132	8.789154e-02	-1.43216e+01	-1.49604e+01	1.372398e-03	
133	8.889154e-02	-1.43216e+01	-1.49604e+01	1.375078e-03	
134	8.989154e-02	-1.43216e+01	-1.49604e+01	1.372300e-03	
135	9.089154e-02	-1.43216e+01	-1.49604e+01	1.375040e-03	
136	9.189154e-02	-1.43216e+01	-1.49604e+01	1.372293e-03	
137	9.289154e-02	-1.43216e+01	-1.49604e+01	1.375032e-03	
138	9.389154e-02	-1.43216e+01	-1.49604e+01	1.372296e-03	
139	9.489154e-02	-1.43216e+01	-1.49604e+01	1.375028e-03	
140	9.589154e-02	-1.43216e+01	-1.49604e+01	1.372300e-03	
141	9.689154e-02	-1.43216e+01	-1.49604e+01	1.375024e-03	
142	9.789154e-02	-1.43216e+01	-1.49604e+01	1.372304e-03	
143	9.889154e-02	-1.43216e+01	-1.49604e+01	1.375020e-03	
144	9.989154e-02	-1.43216e+01	-1.49604e+01	1.372308e-03	
145	1.000000e-01	-1.43216e+01	-1.49604e+01	1.375000e-03	

    * /home/saurabh/desktop/esim/examples/differentiator/differentiator.cir
    Transient Analysis  Fri Aug 27 15:21:30  2021
--------------------------------------------------------------------------------
Index   time            x1.net-_q19-pad 
--------------------------------------------------------------------------------
0	0.000000e+00	3.532652e-04	
1	5.000000e-06	-1.15979e-04	
2	5.362480e-06	-1.52105e-04	
3	6.087439e-06	-2.26052e-04	
4	7.537359e-06	-3.77310e-04	
5	1.043720e-05	-6.79404e-04	
6	1.623687e-05	-1.28188e-03	
7	2.783623e-05	-2.47997e-03	
8	5.103494e-05	-4.84815e-03	
9	9.743235e-05	-9.46614e-03	
10	1.902272e-04	-1.81883e-02	
11	3.758169e-04	-3.35385e-02	
12	5.000000e-04	-4.23390e-02	
13	5.371179e-04	-4.08267e-02	
14	6.113538e-04	-3.78456e-02	
15	7.598255e-04	-3.25035e-02	
16	1.056769e-03	-2.39084e-02	
17	1.650656e-03	-1.26807e-02	
18	2.650656e-03	-3.94355e-03	
19	3.650656e-03	-1.07204e-03	
20	4.650656e-03	-1.21615e-04	
21	5.650656e-03	1.961861e-04	
22	6.650656e-03	3.002842e-04	
23	7.650656e-03	3.360781e-04	
24	8.650656e-03	3.470463e-04	
25	9.650656e-03	3.516797e-04	
26	1.065066e-02	3.522497e-04	
27	1.165066e-02	3.534129e-04	
28	1.265066e-02	3.528288e-04	
29	1.365066e-02	3.536046e-04	
30	1.465066e-02	3.528941e-04	
31	1.565066e-02	3.536249e-04	
32	1.665066e-02	3.529024e-04	
33	1.765066e-02	3.536262e-04	
34	1.865066e-02	3.529041e-04	
35	1.965066e-02	3.536254e-04	
36	2.065066e-02	3.529053e-04	
37	2.165066e-02	3.536245e-04	
38	2.265066e-02	3.529064e-04	
39	2.365066e-02	3.536234e-04	
40	2.465066e-02	3.529074e-04	
41	2.500000e-02	3.536214e-04	
42	2.505000e-02	1.008968e-02	
43	2.515000e-02	2.847313e-02	
44	2.535000e-02	5.989086e-02	
45	2.550000e-02	7.960620e-02	
46	2.552889e-02	7.743865e-02	
47	2.558668e-02	7.314160e-02	
48	2.570226e-02	6.524437e-02	
49	2.593342e-02	5.190650e-02	
50	2.639573e-02	3.271227e-02	
51	2.709043e-02	1.618514e-02	
52	2.794021e-02	6.809182e-03	
53	2.894021e-02	2.520943e-03	
54	2.994021e-02	1.075683e-03	

Index   time            x1.net-_q19-pad 
--------------------------------------------------------------------------------
55	3.094021e-02	5.975252e-04	
56	3.194021e-02	4.325812e-04	
57	3.294021e-02	3.814653e-04	
58	3.394021e-02	3.608696e-04	
59	3.494021e-02	3.575881e-04	
60	3.594021e-02	3.529202e-04	
61	3.694021e-02	3.549334e-04	
62	3.794021e-02	3.520406e-04	
63	3.894021e-02	3.546350e-04	
64	3.994021e-02	3.519464e-04	
65	4.094021e-02	3.545984e-04	
66	4.194021e-02	3.519393e-04	
67	4.294021e-02	3.545909e-04	
68	4.394021e-02	3.519420e-04	
69	4.494021e-02	3.545866e-04	
70	4.594021e-02	3.519457e-04	
71	4.694021e-02	3.545827e-04	
72	4.794021e-02	3.519495e-04	
73	4.894021e-02	3.545789e-04	
74	4.994021e-02	3.519534e-04	
75	5.000000e-02	3.545452e-04	
76	5.002600e-02	-4.89179e-03	
77	5.007799e-02	-1.55485e-02	
78	5.018197e-02	-3.55538e-02	
79	5.038993e-02	-7.00537e-02	
80	5.050000e-02	-8.55787e-02	
81	5.052946e-02	-8.31560e-02	
82	5.058838e-02	-7.83427e-02	
83	5.070623e-02	-6.95184e-02	
84	5.094191e-02	-5.46689e-02	
85	5.141328e-02	-3.34925e-02	
86	5.210795e-02	-1.58728e-02	
87	5.296637e-02	-6.05467e-03	
88	5.396637e-02	-1.76941e-03	
89	5.496637e-02	-3.52118e-04	
90	5.596637e-02	1.177355e-04	
91	5.696637e-02	2.755121e-04	
92	5.796637e-02	3.267371e-04	
93	5.896637e-02	3.449960e-04	
94	5.996637e-02	3.499319e-04	
95	6.096637e-02	3.527298e-04	
96	6.196637e-02	3.525118e-04	
97	6.296637e-02	3.535881e-04	
98	6.396637e-02	3.527996e-04	
99	6.496637e-02	3.536823e-04	
100	6.596637e-02	3.528326e-04	
101	6.696637e-02	3.536917e-04	
102	6.796637e-02	3.528375e-04	
103	6.896637e-02	3.536916e-04	
104	6.996637e-02	3.528391e-04	
105	7.096637e-02	3.536905e-04	
106	7.196637e-02	3.528403e-04	
107	7.296637e-02	3.536893e-04	
108	7.396637e-02	3.528415e-04	
109	7.496637e-02	3.536881e-04	
110	7.500000e-02	3.528601e-04	
111	7.502283e-02	4.889654e-03	
112	7.506848e-02	1.383804e-02	

Index   time            x1.net-_q19-pad 
--------------------------------------------------------------------------------
113	7.515647e-02	2.974439e-02	
114	7.533246e-02	5.750134e-02	
115	7.550000e-02	7.970065e-02	
116	7.552790e-02	7.761112e-02	
117	7.558369e-02	7.344927e-02	
118	7.569527e-02	6.577782e-02	
119	7.591845e-02	5.274785e-02	
120	7.636479e-02	3.379041e-02	
121	7.705953e-02	1.671083e-02	
122	7.789154e-02	7.168944e-03	
123	7.889154e-02	2.642422e-03	
124	7.989154e-02	1.116288e-03	
125	8.089154e-02	6.096900e-04	
126	8.189154e-02	4.370698e-04	
127	8.289154e-02	3.830360e-04	
128	8.389154e-02	3.613139e-04	
129	8.489154e-02	3.578150e-04	
130	8.589154e-02	3.529172e-04	
131	8.689154e-02	3.550109e-04	
132	8.789154e-02	3.519881e-04	
133	8.889154e-02	3.546957e-04	
134	8.989154e-02	3.518884e-04	
135	9.089154e-02	3.546571e-04	
136	9.189154e-02	3.518810e-04	
137	9.289154e-02	3.546492e-04	
138	9.389154e-02	3.518837e-04	
139	9.489154e-02	3.546448e-04	
140	9.589154e-02	3.518876e-04	
141	9.689154e-02	3.546407e-04	
142	9.789154e-02	3.518916e-04	
143	9.889154e-02	3.546367e-04	
144	9.989154e-02	3.518956e-04	
145	1.000000e-01	3.546163e-04	
